1 0.009541953899999999 
2 0.0073657188 
3 0.0073657188 
4 0.007198316099999999 
5 0.0063055017000000005 
6 0.005468488200000001 
7 0.0055242891 
8 0.005691691800000001 
9 0.005970696300000001 
10 0.005970696300000001 
11 0.0068635107 
12 0.006138099000000001 
13 0.0054126873 
14 0.0060264972 
15 0.006751908900000001 
16 0.006751908900000001 
17 0.0060264972 
18 0.0060264972 
19 0.006138099000000001 
20 0.0049104792 
21 0.0042966693 
22 0.0036828594000000003 
23 0.0036828594000000003 
24 0.0031806513 
25 0.0031806513 
26 0.0031806513 
27 0.0036828594000000003 
28 0.0042966693 
29 0.003906063 
30 0.0042408684 
31 0.0034596558 
32 0.0040734657 
33 0.0047430765 
34 0.0047430765 
35 0.0047988774 
36 0.005468488200000001 
37 0.007198316099999999 
38 0.009095546699999998 
39 0.010155763799999998 
40 0.012387799799999998 
41 0.013615419600000001 
42 0.014843039399999999 
43 0.016405464599999996 
44 0.0152894466 
45 0.013224813299999999 
46 0.012834207 
47 0.0103231665 
48 0.009262949399999998 
49 0.009095546699999998 
50 0.010099962899999999 
51 0.010155763799999998 
52 0.009039745799999999 
53 0.008146931399999998 
54 0.0083143341 
55 0.010155763799999998 
56 0.009095546699999998 
57 0.007198316099999999 
58 0.0055242891 
59 0.0049662801000000005 
60 0.0045198729 
61 0.0036270585 
62 0.0032922531 
63 0.0045198729 
64 0.005970696300000001 
65 0.005970696300000001 
66 0.0076447233 
67 0.0083143341 
68 0.0103231665 
69 0.012387799799999998 
70 0.015010442099999998 
71 0.016405464599999996 
72 0.0194745141 
73 0.016684469099999998 
74 0.016684469099999998 
75 0.0141176277 
76 0.014508234000000002 
77 0.012164596199999999 
78 0.0099325602 
79 0.008983944899999999 
80 0.0077005241999999995 
81 0.0068635107 
82 0.0049104792 
83 0.0063613026 
84 0.007198316099999999 
85 0.008035329599999998 
86 0.009151347599999998 
87 0.0074773206 
88 0.0060264972 
89 0.006751908900000001 
90 0.0083143341 
91 0.009151347599999998 
92 0.010099962899999999 
93 0.012108795299999999 
94 0.014340831299999999 
95 0.015624252000000002 
96 0.018191093399999997 
97 0.0196977177 
98 0.0204231294 
99 0.0197535186 
100 0.0163496637 
101 0.015903256499999997 
102 0.0136712205 
103 0.012611003399999998 
104 0.0107137728 
105 0.011662388099999997 
106 0.0098767593 
107 0.010099962899999999 
108 0.0114949854 
109 0.0109927773 
110 0.010602171 
111 0.0103231665 
112 0.0103231665 
113 0.011773989899999998 
114 0.0141176277 
115 0.0170750754 
116 0.018581699700000003 
117 0.0214833465 
118 0.024608196899999997 
119 0.0237153825 
120 0.024329192399999998 
121 0.0275656446 
122 0.0275656446 
123 0.025054604100000002 
124 0.0258916176 
125 0.026840232899999997 
126 0.0241617897 
127 0.0241617897 
128 0.0261706221 
129 0.0232689753 
130 0.0197535186 
131 0.020702133899999996 
132 0.021762351 
133 0.022934169899999995 
134 0.0191955096 
135 0.019083907799999997 
136 0.018023690699999997 
137 0.015680052899999998 
138 0.015680052899999998 
139 0.013671220499999998 
140 0.011662388099999997 
141 0.0118855917 
142 0.011662388099999997 
143 0.014619835799999998 
144 0.014619835799999998 
145 0.016851871799999998 
146 0.0181352925 
147 0.021762351 
148 0.020702133899999996 
149 0.024552396000000004 
150 0.024440794199999998 
151 0.024440794199999998 
152 0.024217590599999998 
153 0.021762350999999996 
154 0.021762351 
155 0.020702133899999996 
156 0.0197535186 
157 0.018916505099999998 
158 0.0170750754 
159 0.016405464599999996 
160 0.016238061899999996 
161 0.016405464599999996 
162 0.0141176277 
163 0.0125552025 
164 0.010602171 
165 0.0085933386 
166 0.008035329599999998 
167 0.0063613026 
168 0.0068635107 
169 0.0054126873 
170 0.0054126873 
171 0.0047988774 
172 0.005022081 
173 0.0055242891 
174 0.006751908900000001 
175 0.0060264972 
176 0.0074773206 
177 0.0083143341 
178 0.0077005241999999995 
179 0.009486152999999999 
180 0.009486152999999999 
181 0.012164596199999999 
182 0.013224813299999999 
183 0.0141176277 
184 0.0138386232 
185 0.014843039399999999 
186 0.0147872385 
187 0.014843039399999999 
188 0.0125552025 
189 0.010155763799999998 
190 0.010099962899999999 
191 0.010099962899999999 
192 0.009039745799999999 
193 0.007198316099999999 
194 0.0073657188 
195 0.0076447233 
196 0.0063613026 
197 0.0085375377 
198 0.0083143341 
199 0.0074773206 
200 0.0098767593 
201 0.0090397458 
202 0.0090397458 
203 0.0090397458 
204 0.0075889224 
205 0.0075889224 
206 0.006975112499999999 
207 0.006751908900000001 
208 0.0047988774 
209 0.0054126873 
210 0.0045198729 
211 0.005970696300000001 
212 0.006807709800000001 
213 0.0085933386 
214 0.010602171 
215 0.011773989899999998 
216 0.0141176277 
217 0.016684469099999998 
218 0.016405464599999996 
219 0.0191955096 
220 0.0191955096 
221 0.0190281069 
222 0.0219855546 
223 0.0237711834 
224 0.0239385861 
225 0.0275656446 
226 0.0299092824 
227 0.026449626599999998 
228 0.024217590599999998 
229 0.024608196899999997 
230 0.025110404999999995 
231 0.0219855546 
232 0.0219855546 
233 0.0194745141 
234 0.016684469099999998 
235 0.016405464599999996 
236 0.016238061899999996 
237 0.013671220500000001 
238 0.012331998899999998 
239 0.010155763799999998 
240 0.008146931399999998 
241 0.007198316099999999 
242 0.0055242891 
243 0.0042408684 
244 0.003906063 
245 0.0030132486 
246 0.0027900449999999997 
247 0.0027900449999999997 
248 0.0027900449999999997 
249 0.0032922531 
250 0.0032922531 
251 0.0042966693 
252 0.0049104792 
253 0.005635890900000001 
254 0.0063613026 
255 0.0068635107 
256 0.0077005242 
257 0.0068635107 
258 0.0068635107 
259 0.0063613026 
260 0.005970696300000001 
261 0.0052452846000000004 
262 0.0045198729 
263 0.0036270585 
264 0.0036270585 
265 0.0025110404999999997 
266 0.0023436378000000003 
267 0.0023436378000000003 
268 0.0023436378000000003 
269 0.0023436378000000003 
270 0.0023436378000000003 
271 0.0023436378000000003 
272 0.0025110404999999997 
273 0.0023436378000000003 
274 0.0025110404999999997 
275 0.0025110404999999997 
276 0.0016182261 
277 0.0021204342 
278 0.0027900449999999997 
279 0.0025110404999999997 
280 0.0036270585 
281 0.0031248504 
282 0.0023436378000000003 
283 0.0023436378000000003 
284 0.0022878369 
285 0.0013950224999999998 
286 0.0013950224999999998 
287 0.0014508234 
288 0.0010602171 
289 0.0016182261 
290 0.0016182261 
291 0.0009486153 
292 0.0007812126 
293 0.0006696108 
294 0.0006696108 
295 0.0009486153 
296 0.0010044162 
297 0.0010044162 
298 0.0009486153 
299 0.0013950225 
300 0.0014508234 
301 0.0015066243000000001 
302 0.001674027 
303 0.0022878369 
304 0.0025668414 
305 0.0027342441000000003 
306 0.0027342441000000003 
307 0.0034596558000000006 
308 0.0041292666000000006 
309 0.0045756738 
310 0.0045756738 
311 0.0045756738 
312 0.0045756738 
313 0.005914895399999999 
314 0.005914895399999999 
315 0.005914895399999999 
316 0.005635890899999999 
317 0.0074773206 
318 0.0074773206 
319 0.0096535557 
320 0.0096535557 
321 0.0074773206 
322 0.0074773206 
323 0.0071983161 
324 0.005635890899999999 
325 0.0052452846 
326 0.0065845062000000005 
327 0.005914895399999999 
328 0.0055242890999999995 
329 0.0055242890999999995 
330 0.005914895399999999 
331 0.0049662801 
332 0.0045756738 
333 0.0041292666000000006 
334 0.0038502621000000006 
335 0.0034596558000000006 
336 0.0034596558000000006 
337 0.0031806513000000006 
338 0.0031806513000000006 
339 0.0030132486000000003 
340 0.0030132486000000003 
341 0.0032922531000000002 
342 0.0041292666 
343 0.0038502620999999997 
344 0.0038502620999999997 
345 0.0041292666 
346 0.0047430764999999995 
347 0.005412687299999999 
348 0.005412687299999999 
349 0.0064729044 
350 0.005412687299999999 
351 0.005022080999999999 
352 0.0040734657 
353 0.0037944612 
354 0.0037944612 
355 0.0030132486000000003 
356 0.002790045 
357 0.002790045 
358 0.0029574477000000004 
359 0.002790045 
360 0.0020646333 
361 0.0030132486000000003 
362 0.0028458459 
363 0.0021204341999999997 
364 0.0021204341999999997 
365 0.0022878369 
366 0.0024552396000000003 
367 0.0027342441000000003 
368 0.0034596558000000006 
369 0.0034596558000000006 
370 0.0045756738 
371 0.0055242890999999995 
372 0.0055242890999999995 
373 0.005914895399999999 
374 0.006696108 
375 0.0071983161 
376 0.005970696299999999 
377 0.0065287053 
378 0.0076447233 
379 0.005970696299999999 
380 0.005022080999999999 
381 0.005914895399999999 
382 0.004519872899999999 
383 0.0044640719999999995 
384 0.004519872899999999 
385 0.0041292666 
386 0.0032922531000000002 
387 0.0030132486000000003 
388 0.0032922531000000002 
389 0.0034596558 
390 0.0036270585000000004 
391 0.0034596558 
392 0.0036828594000000003 
393 0.0036828594000000003 
394 0.0032922531000000002 
395 0.0032922531000000002 
396 0.0041292666 
397 0.0042966693 
398 0.0042966693 
399 0.0042966693 
400 0.0031806513000000006 
401 0.0030132486000000003 
402 0.0030132486000000003 
403 0.0030132486000000003 
404 0.0030132486000000003 
405 0.0030132486000000003 
406 0.0041292666 
407 0.0041292666 
408 0.005468488199999999 
409 0.005468488199999999 
410 0.0070309134 
411 0.0075889224 
412 0.009541953899999999 
413 0.010323166499999998 
414 0.010378967399999998 
415 0.010546370099999997 
416 0.010546370099999997 
417 0.010378967399999998 
418 0.0126110034 
419 0.012778406099999999 
420 0.014173428599999998 
421 0.0126110034 
422 0.010378967399999998 
423 0.009541953899999999 
424 0.008983944899999999 
425 0.007812126 
426 0.006138098999999999 
427 0.005022080999999999 
428 0.0032922531000000002 
429 0.0013950224999999998 
430 0.000558009 
431 0.0013950225 
432 0.0013392215999999998 
433 0.0020088324 
434 0.0030132486000000003 
435 0.0030132486000000003 
436 0.0040176648 
437 0.0040176648 
438 0.0040176648 
439 0.0040176648 
440 0.0049662801 
441 0.0047430764999999995 
442 0.006138099 
443 0.0049662801 
444 0.0031806513000000006 
445 0.0019530315 
446 0.005635890899999999 
447 0.009709356599999998 
448 0.009039745799999999 
449 0.0116623881 
450 0.025556812199999997 
451 0.0405114534 
452 0.03872582459999999 
453 0.048993190199999995 
454 0.0770610429 
455 0.07533121499999999 
456 0.049886004600000006 
457 0.031415906699999996 
458 0.0213159438 
459 0.025110405 
460 0.0136154196 
461 0.0074215196999999995 
462 0.005691691800000001 
463 0.0010044162 
464 0.0007812126000000001 
465 0.000558009 
466 0.0025668414 
467 0.0034038549000000003 
468 0.0065845062 
469 0.008314334100000001 
470 0.0092071485 
471 0.010323166499999998 
472 0.0125552025 
473 0.0125552025 
474 0.0126110034 
475 0.010546370099999997 
476 0.0113833836 
477 0.0102673656 
478 0.008983944899999999 
479 0.0092071485 
480 0.009541953899999999 
481 0.008314334100000001 
482 0.0076447233 
483 0.0070309134 
484 0.005468488199999999 
485 0.005635890899999999 
486 0.0042966693 
487 0.0042966693 
488 0.0040176648 
489 0.0031806513000000006 
490 0.0031806513000000006 
491 0.0022878369 
492 0.0022878369 
493 0.0025668414 
494 0.0025668414 
495 0.0025668414 
496 0.0025668414 
497 0.0027342441000000003 
498 0.0034596558000000006 
499 0.0024552396000000003 
500 0.0031806513000000006 
501 0.0031806513000000006 
502 0.0021204341999999997 
503 0.0021204341999999997 
504 0.0022878369 
505 0.0015066243000000001 
506 0.0011160179999999999 
507 0.0011160179999999999 
508 0.000558009 
509 0.0006138099000000001 
510 0.00033480539999999995 
511 0.000558009 
512 0.000558009 
513 0.0009486153 
514 0.0009486153 
515 0.0009486153 
516 0.0014508234 
517 0.001674027 
518 0.001674027 
519 0.0021204341999999997 
520 0.0014508234 
521 0.0014508234 
522 0.0008928143999999999 
523 0.0009486153 
524 0.000558009 
525 0.0006138099000000001 
526 0.0006138099000000001 
527 0.0005022080999999999 
528 0.00044640719999999997 
529 0.0007254117 
530 0.0007254117 
531 0.0007254117 
532 0.0013950224999999998 
533 0.0013950224999999998 
534 0.0018414297 
535 0.0018414297 
536 0.0023436378000000003 
537 0.0018414297 
538 0.0019530315000000002 
539 0.0013950224999999998 
540 0.0011160179999999999 
541 0.0011160179999999999 
542 0.0007254117 
543 0.000558009 
544 0.000558009 
545 0.0009486153 
546 0.0009486153 
547 0.0009486153 
548 0.0007254117 
549 0.0007254117 
550 0.0011160179999999999 
551 0.0014508234 
552 0.0014508234 
553 0.0019530315000000002 
554 0.0019530315000000002 
555 0.0014508234 
556 0.0018414297 
557 0.0013950224999999998 
558 0.0010044162 
559 0.0007254117 
560 0.0007254117 
561 0.000558009 
562 0.00033480539999999995 
563 0.000558009 
564 0.0006138099000000001 
565 0.0005022081 
566 0.0006696108 
567 0.0005022080999999999 
568 0.0007812126 
569 0.0010602171 
570 0.0014508234 
571 0.0013950224999999998 
572 0.0013950224999999998 
573 0.0022878369 
574 0.0022878369 
575 0.0029016468 
576 0.0034596558 
577 0.0034038549000000003 
578 0.0034038549000000003 
579 0.0034038549000000003 
580 0.0034038549000000003 
581 0.0029016468 
582 0.0022878369 
583 0.0019530315000000002 
584 0.0013950224999999998 
585 0.0013950224999999998 
586 0.0007254117 
587 0.0007254117 
588 0.00044640719999999997 
589 0.00044640719999999997 
590 0.0005022080999999999 
591 0.0007812126 
592 0.0007812126 
593 0.00044640719999999997 
594 0.0010044162 
595 0.0013950224999999998 
596 0.0014508234 
597 0.0014508234 
598 0.0016182261 
599 0.0016182261 
600 0.0016182261 
601 0.0016182261 
602 0.0009486153 
603 0.0006696108 
604 0.0009486153 
605 0.0012276198 
606 0.0016182261 
607 0.0016182261 
608 0.0020088323999999996 
609 0.0022878368999999996 
610 0.0022878368999999996 
611 0.0027900449999999997 
612 0.0031806513 
613 0.0023994387 
614 0.0023994387 
615 0.0021204342 
616 0.0016182261 
617 0.0013392216 
618 0.0009486153 
619 0.0009486153 
620 0.0003348054 
621 0.0007812126 
622 0.0007812126 
623 0.0007812126 
624 0.0014508234 
625 0.0014508234 
626 0.0023436378000000003 
627 0.0021204342 
628 0.0021204342 
629 0.0018972306 
630 0.0018972306 
631 0.0020088323999999996 
632 0.0020088323999999996 
633 0.0016182261 
634 0.0016182261 
635 0.0013392216 
636 0.0011718189 
637 0.0014508234 
638 0.0014508234 
639 0.0007812126 
640 0.0007812126 
641 0.0007812126 
642 0.0006138099 
643 0.0007812126 
644 0.0009486153 
645 0.0011718189 
646 0.0014508234 
647 0.0019530315000000002 
648 0.0023436378000000003 
649 0.0031248504 
650 0.0034038549 
651 0.0034038549 
652 0.0045198729 
653 0.005022081 
654 0.0055242891 
655 0.0069751125 
656 0.0063613026 
657 0.0064729044 
658 0.0064729044 
659 0.0060822980999999995 
660 0.0052452846000000004 
661 0.0049662801000000005 
662 0.0043524702 
663 0.004631474700000001 
664 0.0036270585 
665 0.0031248504 
666 0.0025110404999999997 
667 0.0021204342 
668 0.0016182261 
669 0.0016182261 
670 0.0013392216 
671 0.0013392216 
672 0.0011718189 
673 0.0007812126 
674 0.0007812126 
675 0.0014508234 
676 0.0013950224999999998 
677 0.0010044162 
678 0.0014508234 
679 0.0014508234 
680 0.0019530315000000002 
681 0.0011718189 
682 0.0018414297 
683 0.0018414297 
684 0.0018414297 
685 0.0018414297 
686 0.0018414297 
687 0.0014508234 
688 0.0014508234 
689 0.0014508234 
690 0.0014508234 
691 0.0018414297 
692 0.0014508234 
693 0.0013950224999999998 
694 0.0011160179999999999 
695 0.0011160179999999999 
696 0.0009486153 
697 0.000558009 
698 0.000558009 
699 0.000558009 
700 0.000558009 
701 0.0003348054 
702 0.0003348054 
703 0.0005022080999999999 
704 0.0005022080999999999 
705 0.0009486153 
706 0.0009486153 
707 0.0013392215999999998 
708 0.0013392215999999998 
709 0.0021204342 
710 0.0021204342 
711 0.0025668414 
712 0.0025668414 
713 0.0032922531000000002 
714 0.0034596558000000006 
715 0.0027342441000000003 
716 0.0034596558000000006 
717 0.0034596558000000006 
718 0.0038502621000000006 
719 0.0046872756 
720 0.0052452846 
721 0.0052452846 
722 0.0052452846 
723 0.0042966693 
724 0.0041292666 
725 0.0041292666 
726 0.0038502620999999997 
727 0.0030132486000000003 
728 0.0029574477000000004 
729 0.0029574477000000004 
730 0.0029574477000000004 
731 0.002232036 
732 0.002232036 
733 0.002232036 
734 0.002232036 
735 0.002232036 
736 0.0016182261 
737 0.001674027 
738 0.001674027 
739 0.0016182261 
740 0.0011160179999999999 
741 0.0011718189 
742 0.0011160179999999999 
743 0.0011160179999999999 
744 0.0011718189 
745 0.0011718189 
746 0.000558009 
747 0.0006138099000000001 
748 0.0006138099000000001 
749 0.0006138099000000001 
750 0.00033480539999999995 
751 0.00033480539999999995 
752 0.00033480539999999995 
753 0.00033480539999999995 
754 0.0001674027 
755 0.0001674027 
756 0.0001674027 
757 0.0001674027 
758 0.00011160179999999999 
759 0.00011160179999999999 
760 5.5800899999999996e-5 
761 0.00011160179999999999 
762 0.00011160179999999999 
763 0.00022320359999999999 
764 0.00022320359999999999 
765 0.000558009 
766 0.000558009 
767 0.0006138099 
768 0.000558009 
769 0.000558009 
770 0.0007254117 
771 0.0007254117 
772 0.0010044162 
773 0.0011160179999999999 
774 0.0011160179999999999 
775 0.0011160179999999999 
776 0.0009486153 
777 0.0010044162 
778 0.0010044162 
779 0.0009486153 
780 0.000558009 
781 0.000558009 
782 0.0009486153 
783 0.0009486153 
784 0.0011718189 
785 0.0011718189 
786 0.0013392216 
787 0.0011718189 
788 0.0006138099 
789 0.0006138099 
790 0.0009486153 
791 0.0009486153 
792 0.0009486153 
793 0.0010044162 
794 0.0011718189 
795 0.0011718189 
796 0.0011718189 
797 0.0011718189 
798 0.001674027 
799 0.001674027 
800 0.0013392216 
801 0.0016182261 
802 0.0018972306 
803 0.0027900449999999997 
804 0.0018972306 
805 0.0015066243 
806 0.0012276198 
807 0.0009486153 
808 0.0007812126 
809 0.0005022080999999999 
810 0.0006696108 
811 0.0009486153 
812 0.0006696108 
813 0.0006696108 
814 0.0012276198 
815 0.0012276198 
816 0.0012276198 
817 0.0018972306 
818 0.0018972306 
819 0.0022878368999999996 
820 0.0022878368999999996 
821 0.0031806513 
822 0.0031806513 
823 0.0036828594000000003 
824 0.0031806513 
825 0.0027900449999999997 
826 0.002790045 
827 0.0037944612 
828 0.0031806513 
829 0.0034038549000000003 
830 0.0034038549000000003 
831 0.0027342441000000003 
832 0.0021204342 
833 0.0021204342 
834 0.0016182260999999998 
835 0.0013392215999999998 
836 0.0009486153 
837 0.0009486153 
838 0.0006138099000000001 
839 0.0005022080999999999 
840 0.0005022080999999999 
841 0.0009486153 
842 0.0007812126 
843 0.0005022080999999999 
844 0.0003348054 
845 0.0006138099 
846 0.0003348054 
847 0.0003348054 
848 0.00027900449999999997 
849 0.00027900449999999997 
850 0.00022320359999999999 
851 0.00022320359999999999 
852 0.00022320359999999999 
853 0.00022320359999999999 
854 0.00027900449999999997 
855 0.00027900449999999997 
856 0.00027900449999999997 
857 0.00027900449999999997 
858 0.00027900449999999997 
859 0.0003348054 
860 0.0001674027 
861 0.0001674027 
862 5.5800899999999996e-5 
863 5.5800899999999996e-5 
864 5.5800899999999996e-5 
865 5.5800899999999996e-5 
866 5.5800899999999996e-5 
867 0.0001674027 
868 0.0001674027 
869 0.0001674027 
870 0.0005022080999999999 
871 0.0005022080999999999 
872 0.0007254117 
873 0.0010602171 
874 0.0007812126000000001 
875 0.0005022080999999999 
876 0.0005022080999999999 
877 0.0007812126000000001 
878 0.0007812126000000001 
879 0.0005022080999999999 
880 0.0007812126000000001 
881 0.0007812126000000001 
882 0.00033480539999999995 
883 0.0007812126000000001 
884 0.0007812126000000001 
885 0.0007812126000000001 
886 0.0013392215999999998 
887 0.0011718189 
888 0.0011718189 
889 0.0014508234 
890 0.0010602171 
891 0.0014508234 
892 0.0014508234 
893 0.0018414297 
894 0.0014508234 
895 0.0013950224999999998 
896 0.0013950224999999998 
897 0.0013950224999999998 
898 0.0013950224999999998 
899 0.0013950224999999998 
900 0.0013950224999999998 
901 0.0011160179999999999 
902 0.0011160179999999999 
903 0.0016182261 
904 0.0011160179999999999 
905 0.0010044162 
906 0.0015066243000000001 
907 0.0015066243000000001 
908 0.0010044162 
909 0.0015066243000000001 
910 0.0015066243000000001 
911 0.0014508234 
912 0.0014508234 
913 0.0016182261 
914 0.0016182261 
915 0.0016182261 
916 0.001674027 
917 0.0011718189 
918 0.0009486153 
919 0.0011718189 
920 0.0011718189 
921 0.0007812126 
922 0.0007812126 
923 0.0013392216 
924 0.0009486153 
925 0.0009486153 
926 0.0009486153 
927 0.0012276198 
928 0.0012276198 
929 0.0012276198 
930 0.0015066243 
931 0.0015066243 
932 0.0018972306 
933 0.0018972306 
934 0.0018972306 
935 0.0018972306 
936 0.0023994387 
937 0.0023994387 
938 0.0023994387 
939 0.0023994387 
940 0.0030132486000000003 
941 0.0034038549000000003 
942 0.0030132486000000003 
943 0.0030132486000000003 
944 0.0024552396000000003 
945 0.0031806513000000006 
946 0.0034596558000000006 
947 0.0045756738 
948 0.0045756738 
949 0.0037386603000000005 
950 0.0049662801 
951 0.0049662801 
952 0.005914895399999999 
953 0.006305501699999999 
954 0.0055242890999999995 
955 0.0069751125 
956 0.0073657188 
957 0.0069751125 
958 0.007756325099999999 
959 0.007477320599999999 
960 0.007309917899999999 
961 0.007030913399999999 
962 0.0058590945 
963 0.0063055017000000005 
964 0.005077881899999999 
965 0.0038502620999999997 
966 0.0042966693 
967 0.0041292666 
968 0.0030132486000000003 
969 0.0030132486000000003 
970 0.0034596558000000006 
971 0.0032922531000000002 
972 0.0022878369 
973 0.0022878369 
974 0.0027342441000000003 
975 0.0022878369 
976 0.001674027 
977 0.0018414297 
978 0.001674027 
979 0.001674027 
980 0.0011718189 
981 0.0013392215999999998 
982 0.0011718189 
983 0.0011718189 
984 0.0007812126000000001 
985 0.0007812126000000001 
986 0.0007812126000000001 
987 0.0006138099000000001 
988 0.0009486153 
989 0.0006138099000000001 
990 0.00033480539999999995 
991 0.00033480539999999995 
992 0.0005022080999999999 
993 0.00033480539999999995 
994 0.00033480539999999995 
995 0.0003348054 
996 0.0001674027 
997 0.00011160179999999999 
998 0.00011160179999999999 
999 0.00027900449999999997 
1000 0.00011160179999999999 
1001 5.5800899999999996e-5 
1002 5.5800899999999996e-5 
1003 5.5800899999999996e-5 
1004 5.5800899999999996e-5 
1005 5.5800899999999996e-5 
1006 0.00027900449999999997 
1007 0.00027900449999999997 
1008 5.5800899999999996e-5 
1009 0.0001674027 
1010 0.0001674027 
1011 0.0001674027 
1012 0.00033480539999999995 
1013 0.0001674027 
1014 0.00027900449999999997 
1015 0.00027900449999999997 
1016 0.00027900449999999997 
1017 0.00027900449999999997 
1018 0.00027900449999999997 
1019 0.0007254117 
1020 0.0007254117 
1021 0.0005022080999999999 
1022 0.00044640719999999997 
1023 0.00044640719999999997 
1024 0.00027900449999999997 
1025 0.00027900449999999997 
1026 0.000558009 
1027 0.00022320359999999999 
1028 0.000558009 
1029 0.0006138099 
1030 0.0006138099 
1031 0.0009486153 
1032 0.0009486153 
1033 0.0003348054 
1034 0.0003348054 
1035 0.000558009 
1036 0.000558009 
1037 0.000558009 
1038 0.000558009 
1039 0.0007254117 
1040 0.0007254117 
1041 0.0010044162 
1042 0.0010044162 
1043 0.0010602171 
1044 0.0014508234 
1045 0.0018414297 
1046 0.0018414297 
1047 0.0023436378000000003 
1048 0.0019530315000000002 
1049 0.0021204342 
1050 0.0027342441000000003 
1051 0.0018414297 
1052 0.0027342441000000003 
1053 0.0019530315 
1054 0.0025668414 
1055 0.0025668414 
1056 0.0032922531000000002 
1057 0.0036828594000000003 
1058 0.0036270585000000004 
1059 0.0036270585000000004 
1060 0.0029016468 
1061 0.0025110405 
1062 0.0025668414 
1063 0.0019530315 
1064 0.0019530315 
1065 0.0019530315 
1066 0.0011718189 
1067 0.001674027 
1068 0.0018414297 
1069 0.0018414297 
1070 0.0024552396000000003 
1071 0.0027342441000000003 
1072 0.0027342441000000003 
1073 0.0034596558000000006 
1074 0.0037386603000000005 
1075 0.0037386603000000005 
1076 0.0027342441000000003 
1077 0.0024552396000000003 
1078 0.0018414297 
1079 0.0018414297 
1080 0.0013392215999999998 
1081 0.0013392215999999998 
1082 0.0011718189 
1083 0.0014508234 
1084 0.0019530315000000002 
1085 0.0021204342 
1086 0.0021204342 
1087 0.0024552396000000003 
1088 0.0027342441000000003 
1089 0.0027342441000000003 
1090 0.0025668414 
1091 0.0025668414 
1092 0.0025668414 
1093 0.0019530315 
1094 0.0019530315 
1095 0.0018972306 
1096 0.0025110405 
1097 0.0018972306 
1098 0.0029574477 
1099 0.0029016468 
1100 0.0029016468 
1101 0.0029016468 
1102 0.0029016468 
1103 0.0025110405 
1104 0.0025668414 
1105 0.0025668414 
1106 0.0025668414 
1107 0.0025668414 
1108 0.0032922531000000002 
1109 0.0034596558000000006 
1110 0.0034596558000000006 
1111 0.0032922531000000002 
1112 0.0032922531000000002 
1113 0.0032922531000000002 
1114 0.0032922531000000002 
1115 0.0036828594000000003 
1116 0.0036828594000000003 
1117 0.004519872899999999 
1118 0.0036828594000000003 
1119 0.004519872899999999 
1120 0.004519872899999999 
1121 0.004519872899999999 
1122 0.0051894837 
1123 0.004519872899999999 
1124 0.0036828594000000003 
1125 0.0036828594000000003 
1126 0.0029574477 
1127 0.0025668414 
1128 0.0025668414 
1129 0.0029574477 
1130 0.0023436378000000003 
1131 0.0023436378000000003 
1132 0.0023436378000000003 
1133 0.0018414297 
1134 0.0023436378000000003 
1135 0.0019530315000000002 
1136 0.0019530315000000002 
1137 0.0014508234 
1138 0.0013950224999999998 
1139 0.0010044162 
1140 0.0007254117 
1141 0.0007254117 
1142 0.0007254117 
1143 0.0010044162 
1144 0.0010044162 
1145 0.0013950224999999998 
1146 0.0014508234 
1147 0.0019530315000000002 
1148 0.0019530315000000002 
1149 0.0023436378000000003 
1150 0.0028458459000000004 
1151 0.0023436378000000003 
1152 0.0023436378000000003 
1153 0.0023436378000000003 
1154 0.0025668414 
1155 0.0029574477 
1156 0.0036828594000000003 
1157 0.0041850675 
1158 0.0043524702 
1159 0.0051894837 
1160 0.0051894837 
1161 0.006138098999999999 
1162 0.006751908899999999 
1163 0.006751908899999999 
1164 0.007812126000000001 
1165 0.0085375377 
1166 0.008816542200000001 
1167 0.0096535557 
1168 0.0085933386 
1169 0.0085933386 
1170 0.0076447233 
1171 0.0065287053 
1172 0.0065287053 
1173 0.0049662801000000005 
1174 0.0065287053 
1175 0.0058032936 
1176 0.0065287053 
1177 0.0065287053 
1178 0.005691691800000001 
1179 0.005691691800000001 
1180 0.0049662801000000005 
1181 0.0049662801000000005 
1182 0.0036270585000000004 
1183 0.0036270585000000004 
1184 0.0036270585000000004 
1185 0.0042408684 
1186 0.0036270585 
1187 0.0036270585 
1188 0.0043524702 
1189 0.0051894837 
1190 0.004519872899999999 
1191 0.0051894837 
1192 0.005635890899999999 
1193 0.006138098999999999 
1194 0.0051894837 
1195 0.006751908899999999 
1196 0.0058032936 
1197 0.0058032936 
1198 0.005691691800000001 
1199 0.005691691800000001 
1200 0.005691691800000001 
1201 0.0049662801000000005 
1202 0.0058032936 
1203 0.0058032936 
1204 0.0070309134 
1205 0.006807709800000001 
1206 0.007756325099999999 
1207 0.007756325099999999 
1208 0.006751908899999999 
1209 0.006751908899999999 
1210 0.006138098999999999 
1211 0.0058032936 
1212 0.0058032936 
1213 0.0058032936 
1214 0.0049662801000000005 
1215 0.005691691800000001 
1216 0.005691691800000001 
1217 0.0065287053 
1218 0.0058032936 
1219 0.0058032936 
1220 0.005691691800000001 
1221 0.005691691800000001 
1222 0.005691691800000001 
1223 0.0049662801000000005 
1224 0.0058032936 
1225 0.0058032936 
1226 0.0070309134 
1227 0.0070309134 
1228 0.007756325099999999 
1229 0.007756325099999999 
1230 0.0085933386 
1231 0.0085933386 
1232 0.0076447233 
1233 0.0085933386 
1234 0.0076447233 
1235 0.0074773206 
1236 0.007756325099999999 
1237 0.0073657188 
1238 0.0076447233 
1239 0.0076447233 
1240 0.0076447233 
1241 0.009541953899999999 
1242 0.0085933386 
1243 0.010602171 
1244 0.0085933386 
1245 0.0096535557 
1246 0.0108253746 
1247 0.0096535557 
1248 0.0096535557 
1249 0.0108253746 
1250 0.0108253746 
1251 0.0108253746 
1252 0.009988361099999999 
1253 0.0112717818 
1254 0.009988361099999999 
1255 0.009988361099999999 
1256 0.0092629494 
1257 0.0080911305 
1258 0.008816542200000001 
1259 0.0080911305 
1260 0.0074773206 
1261 0.006417103499999999 
1262 0.006417103499999999 
1263 0.0051894837 
1264 0.0051894837 
1265 0.0058032936 
1266 0.0049662801000000005 
1267 0.0049662801000000005 
1268 0.0042408684 
1269 0.0049662801000000005 
1270 0.0049662801000000005 
1271 0.0043524702 
1272 0.0043524702 
1273 0.0036828594000000003 
1274 0.0036828594000000003 
1275 0.004519872899999999 
1276 0.0051894837 
1277 0.005635890899999999 
1278 0.0054684882 
1279 0.0054684882 
1280 0.0054684882 
1281 0.0054684882 
1282 0.004519872899999999 
1283 0.004519872899999999 
1284 0.0036828594000000003 
1285 0.0036828594000000003 
1286 0.0034596558 
1287 0.0036270585 
1288 0.0030132486 
1289 0.0036270585000000004 
1290 0.0036270585000000004 
1291 0.0031248504000000003 
1292 0.0031248504000000003 
1293 0.0034596558000000006 
1294 0.0034596558000000006 
1295 0.0038502621000000006 
1296 0.004352470200000001 
1297 0.0036270585000000004 
1298 0.0036270585000000004 
1299 0.0028458459000000004 
1300 0.0034596558 
1301 0.0029574477 
1302 0.0036828594000000003 
1303 0.0036828594000000003 
1304 0.0032922531000000002 
1305 0.0041292666 
1306 0.0041292666 
1307 0.004798877399999999 
1308 0.0041292666 
1309 0.0041292666 
1310 0.0041292666 
1311 0.0041292666 
1312 0.0032922531000000002 
1313 0.0032922531000000002 
1314 0.0022878369 
1315 0.0025668414 
1316 0.0025668414 
1317 0.0023436378000000003 
1318 0.0023436378000000003 
1319 0.0023436378000000003 
1320 0.0028458459000000004 
1321 0.0028458459000000004 
1322 0.0036270585000000004 
1323 0.0031248504000000003 
1324 0.004352470200000001 
1325 0.0038502621000000006 
1326 0.0046872756 
1327 0.0046872756 
1328 0.0051894837 
1329 0.0051894837 
1330 0.004352470200000001 
1331 0.0049662801000000005 
1332 0.0049662801000000005 
1333 0.005691691800000001 
1334 0.005691691800000001 
1335 0.0049662801000000005 
1336 0.0065287053 
1337 0.0058032936 
1338 0.0074773206 
1339 0.0074773206 
1340 0.007756325099999999 
1341 0.008816542200000001 
1342 0.008816542200000001 
1343 0.009988361099999999 
1344 0.009988361099999999 
1345 0.0097093566 
1346 0.008983944899999999 
1347 0.007812126000000001 
1348 0.007812126000000001 
1349 0.007812126000000001 
1350 0.0071983161 
1351 0.0071983161 
1352 0.008370134999999999 
1353 0.007867926899999999 
1354 0.008370134999999999 
1355 0.007867926899999999 
1356 0.0071983161 
1357 0.006138098999999999 
1358 0.006138098999999999 
1359 0.0051894837 
1360 0.0051894837 
1361 0.0043524702 
1362 0.0043524702 
1363 0.0036270585 
1364 0.0036270585 
1365 0.0028458459000000004 
1366 0.0023436378000000003 
1367 0.0023436378000000003 
1368 0.0018414297 
1369 0.0014508234 
1370 0.0014508234 
1371 0.0010044162 
1372 0.0013950224999999998 
1373 0.0013950224999999998 
1374 0.0013950224999999998 
1375 0.0011160179999999999 
1376 0.0011160179999999999 
1377 0.0011160179999999999 
1378 0.0013950224999999998 
1379 0.0013950224999999998 
1380 0.0013950224999999998 
1381 0.0016182261 
1382 0.0018972306 
1383 0.0013950224999999998 
1384 0.0013950224999999998 
1385 0.0014508234 
1386 0.0013950224999999998 
1387 0.0014508234 
1388 0.0017856287999999999 
1389 0.0010044162 
1390 0.0010044162 
1391 0.0010044162 
1392 0.0010044162 
1393 0.0010044162 
1394 0.0010044162 
1395 0.0010044162 
1396 0.0010044162 
1397 0.0007254117 
1398 0.0007812126000000001 
1399 0.0010044162 
1400 0.0007812126 
1401 0.0007254117 
1402 0.0007812126 
1403 0.0007812126 
1404 0.0007812126 
1405 0.0007812126 
1406 0.0005022080999999999 
1407 0.0007812126000000001 
1408 0.0007812126000000001 
1409 0.0011718189 
1410 0.0011160179999999999 
1411 0.0011160179999999999 
1412 0.0016182261 
1413 0.0016182261 
1414 0.0014508234 
1415 0.0015066243000000001 
1416 0.0015066243000000001 
1417 0.0014508234 
1418 0.0010044162 
1419 0.0010044162 
1420 0.0006138099000000001 
1421 0.0007254117 
1422 0.00044640719999999997 
1423 0.0007254117 
1424 0.000558009 
1425 0.0008928143999999999 
1426 0.0025668414 
1427 0.0029574477 
1428 0.006138098999999999 
1429 0.006417103499999999 
1430 0.0103231665 
1431 0.018414297 
1432 0.0395628381 
1433 0.0471517605 
1434 0.0734339844 
1435 0.0842035581 
1436 0.08487316889999999 
1437 0.0960891498 
1438 0.1268912466 
1439 0.14318510939999998 
1440 0.20121804539999996 
1441 0.21455446050000002 
1442 0.19731198240000003 
1443 0.2245986225 
1444 0.2556239229 
1445 0.2385488475 
1446 0.2802321198 
1447 0.25495431209999997 
1448 0.1948009419 
1449 0.15434528940000003 
1450 0.1074167325 
1451 0.0756660204 
1452 0.0471517605 
1453 0.0270634365 
1454 0.015066243 
1455 0.006696108 
1456 0.0052452846 
1457 0.0036828594000000003 
1458 0.007867926899999999 
1459 0.011327582699999998 
1460 0.014731437600000001 
1461 0.0175214826 
1462 0.036214784099999994 
1463 0.040065046199999996 
1464 0.027565644599999994 
1465 0.0389490282 
1466 0.0672400845 
1467 0.0844825626 
1468 0.1126062162 
1469 0.09268529489999999 
1470 0.1065239181 
1471 0.07086714300000001 
1472 0.046984357799999994 
1473 0.0367169922 
1474 0.0288490653 
1475 0.038502621 
1476 0.036214784099999994 
1477 0.016349663700000003 
1478 0.0055242891 
1479 0.008928144 
1480 0.0025668414 
1481 0.0009486153 
1482 0.0041292666 
1483 0.0014508234 
1484 0.0001674027 
1485 0.0034596558 
1486 0.006417103499999999 
1487 0.0170192745 
1488 0.0213159438 
1489 0.0258916176 
1490 0.0324203229 
1491 0.05368046579999999 
1492 0.06707268179999999 
1493 0.1049614929 
1494 0.1275050565 
1495 0.1753264278 
1496 0.21795831539999996 
1497 0.23771183399999998 
1498 0.2631012435 
1499 0.2234826045 
1500 0.23274555389999999 
1501 0.22147377209999997 
1502 0.16896512519999998 
1503 0.15010442100000002 
1504 0.1708623558 
1505 0.1337547573 
1506 0.1095929676 
1507 0.1163448765 
1508 0.13939064819999997 
1509 0.174656817 
1510 0.23826984299999998 
1511 0.27370341449999996 
1512 0.3135452571000001 
1513 0.2511598509 
1514 0.22275719279999998 
1515 0.28185034589999997 
1516 0.3109226148 
1517 0.2663934966 
1518 0.20501250659999998 
1519 0.19295951220000002 
1520 0.1413994806 
1521 0.1442453265 
1522 0.1402834626 
1523 0.1089791577 
1524 0.08783061660000001 
1525 0.054071072100000006 
1526 0.0430782948 
1527 0.039116430900000006 
1528 0.0653986548 
1529 0.0683561025 
1530 0.1061333118 
1531 0.13169012399999996 
1532 0.19178769329999998 
1533 0.2270538621 
1534 0.2882116485 
1535 0.31588889489999994 
1536 0.29027628180000004 
1537 0.30545412660000004 
1538 0.3572373618 
1539 0.4449563766 
1540 0.5230776366 
1541 0.5833426086000001 
1542 0.4965164081999999 
1543 0.4292205228 
1544 0.45181988730000006 
1545 0.397302408 
1546 0.34044129089999997 
1547 0.36320805809999995 
1548 0.34468215929999996 
1549 0.3920571234 
1550 0.4204039806 
1551 0.4701225825 
1552 0.4673883384 
1553 0.4753120662 
1554 0.38050633710000004 
1555 0.34445895569999996 
1556 0.3256540524 
1557 0.260590203 
1558 0.1882722366 
1559 0.1723131792 
1560 0.22956490259999995 
1561 0.2426781141 
1562 0.320297166 
1563 0.3136568589 
1564 0.2853658026 
1565 0.3467467926 
1566 0.4140984789 
1567 0.37470304350000005 
1568 0.4483044306 
1569 0.5130334745999999 
1570 0.4456259874 
1571 0.41766973650000006 
1572 0.5014826883 
1573 0.6171021531 
1574 0.6652025288999999 
1575 0.8125169049000001 
1576 0.8440444134 
1577 0.8493454989 
1578 0.6973438473 
1579 0.688583106 
1580 0.7683225921000001 
1581 0.6506942949000001 
1582 0.64171035 
1583 0.7636911173999998 
1584 0.7081134210000001 
1585 0.6410965401000002 
1586 0.5290483329 
1587 0.4603016241 
1588 0.47799050939999993 
1589 0.44116191540000005 
1590 0.398418426 
1591 0.45059226750000003 
1592 0.3864212325 
1593 0.4321779705 
1594 0.4049471313 
1595 0.4545541314 
1596 0.41214544740000003 
1597 0.34222691969999997 
1598 0.26985315239999996 
1599 0.2653332795 
1600 0.3161678993999999 
1601 0.28893706020000004 
1602 0.2609250084 
1603 0.1922899014 
1604 0.15986957850000003 
1605 0.12756085739999998 
1606 0.0948057291 
1607 0.0801858933 
1608 0.0501092082 
1609 0.05658211259999999 
1610 0.0394512363 
1611 0.060264972 
1612 0.052341244200000005 
1613 0.0690815142 
1614 0.0411252633 
1615 0.0282352554 
1616 0.0177446862 
1617 0.0119413926 
1618 0.0076447233 
1619 0.0078679269 
1620 0.0027342441000000003 
1621 0.0015066243000000001 
1622 0.0016182261 
1623 0.0008928143999999999 
1624 0.0021204342 
1625 0.0008928143999999999 
1626 0.0009486153 
1627 0.0009486153 
1628 0.0010044162 
1629 0.0010602171 
1630 0.0014508234 
1631 0.0016182261 
1632 0.0014508234 
1633 0.0013950225 
1634 0.0009486153 
1635 0.0009486153 
1636 0.0009486153 
1637 0.0009486153 
1638 0.000558009 
1639 0.00027900449999999997 
1640 0.0005022081 
1641 0.0008928143999999999 
1642 0.0008928143999999999 
1643 0.0013950225 
1644 0.0013950225 
1645 0.0013950225 
1646 0.0014508234 
1647 0.0011160179999999999 
1648 0.0016182261 
1649 0.0018972306 
1650 0.0016182261 
1651 0.0020646333 
1652 0.0020646333 
1653 0.0020646333 
1654 0.0013950225 
1655 0.0013950225 
1656 0.0009486153 
1657 0.0005022081 
1658 0.0008928143999999999 
1659 0.0005022081 
1660 0.0008928143999999999 
1661 0.0013950225 
1662 0.0015066243000000001 
1663 0.0015066243000000001 
1664 0.0015066243000000001 
1665 0.0015066243000000001 
1666 0.0015066243000000001 
1667 0.0015066243000000001 
1668 0.0014508234 
1669 0.0014508234 
1670 0.0014508234 
1671 0.0009486153 
1672 0.000558009 
1673 0.0007254117 
1674 0.0007254117 
1675 0.0014508234 
1676 0.0011160179999999999 
1677 0.0010044162 
1678 0.0013950224999999998 
1679 0.0011160179999999999 
1680 0.0011160179999999999 
1681 0.0014508234 
1682 0.0014508234 
1683 0.0013950225 
1684 0.0013950225 
1685 0.0013950225 
1686 0.0014508234 
1687 0.0014508234 
1688 0.0010044162 
1689 0.0011718189 
1690 0.0011160179999999999 
1691 0.0011718189 
1692 0.0007812126000000001 
1693 0.0007812126000000001 
1694 0.0010602171 
1695 0.0007812126 
1696 0.0007812126 
1697 0.0007812126 
1698 0.0007812126 
1699 0.0007812126 
1700 0.0007254117 
1701 0.0013950224999999998 
1702 0.0010044162 
1703 0.0010044162 
1704 0.0010044162 
1705 0.0010044162 
1706 0.0007812126000000001 
1707 0.0011160179999999999 
1708 0.0011718189 
1709 0.0010044162 
1710 0.0009486153 
1711 0.0009486153 
1712 0.0011160179999999999 
1713 0.0011160179999999999 
1714 0.0009486153 
1715 0.0011160179999999999 
1716 0.0013950224999999998 
1717 0.0014508234 
1718 0.0013950224999999998 
1719 0.0013950224999999998 
1720 0.0017856287999999999 
1721 0.0017856287999999999 
1722 0.0013950224999999998 
1723 0.0013950224999999998 
1724 0.0013950224999999998 
1725 0.0013950224999999998 
1726 0.0013950224999999998 
1727 0.0011160179999999999 
1728 0.0013950224999999998 
1729 0.0011160179999999999 
1730 0.0011718189 
1731 0.0011718189 
1732 0.0007812126 
1733 0.0007254117 
1734 0.0013950224999999998 
1735 0.0010044162 
1736 0.0010044162 
1737 0.0010044162 
1738 0.0010044162 
1739 0.0007254117 
1740 0.0007812126000000001 
1741 0.0007812126000000001 
1742 0.0007812126000000001 
1743 0.0011718189 
1744 0.0011160179999999999 
1745 0.0007254117 
1746 0.0010044162 
1747 0.0010044162 
1748 0.0010044162 
1749 0.0010044162 
1750 0.0010602171 
1751 0.0007812126 
1752 0.0007812126 
1753 0.0007812126 
1754 0.0007254117 
1755 0.0007254117 
1756 0.00044640719999999997 
1757 0.00044640719999999997 
1758 0.00044640719999999997 
1759 0.0005022080999999999 
1760 0.0007812126000000001 
1761 0.0007812126000000001 
1762 0.0007812126000000001 
1763 0.0007812126000000001 
1764 0.00044640719999999997 
1765 0.0005022080999999999 
1766 0.0005022080999999999 
1767 0.0005022080999999999 
1768 0.0007812126 
1769 0.0007812126 
1770 0.0007812126 
1771 0.0011718189 
1772 0.0011718189 
1773 0.0011718189 
1774 0.0011718189 
1775 0.0011718189 
1776 0.0016182261 
1777 0.0016182261 
1778 0.0013950224999999998 
1779 0.0018972306 
1780 0.0013950224999999998 
1781 0.0013950224999999998 
1782 0.0011160179999999999 
1783 0.0011160179999999999 
1784 0.0011718189 
1785 0.0011718189 
1786 0.0007254117 
1787 0.0010602171 
1788 0.0007812126 
1789 0.0007812126 
1790 0.0007812126 
1791 0.0007254117 
1792 0.0007254117 
1793 0.000558009 
1794 0.0006138099 
1795 0.0006138099 
1796 0.0007254117 
1797 0.0007254117 
1798 0.0010602171 
1799 0.0014508234 
1800 0.0010602171 
1801 0.0016182261 
1802 0.0016182261 
1803 0.0016182261 
1804 0.0012276198 
1805 0.0018972306 
1806 0.0015066243 
1807 0.0015066243 
1808 0.0015066243 
1809 0.0012276198 
1810 0.0012276198 
1811 0.0016182260999999998 
1812 0.0016182260999999998 
1813 0.0010602171 
1814 0.0010602171 
1815 0.0007812126000000001 
1816 0.0005022081 
1817 0.0005022081 
1818 0.0005022081 
1819 0.00011160179999999999 
1820 0.00011160179999999999 
1821 0.00011160179999999999 
1822 0.0 
1823 0.0 
1824 5.5800899999999996e-5 
1825 0.00011160179999999999 
1826 0.0001674027 
1827 0.0001674027 
1828 0.0001674027 
1829 0.0001674027 
1830 0.0006696108 
1831 0.0005022081 
1832 0.0009486153 
1833 0.0009486153 
1834 0.0013392215999999998 
1835 0.0007812126000000001 
1836 0.0006138099000000001 
1837 0.0010044162 
1838 0.0010044162 
1839 0.0010044162 
1840 0.0010044162 
1841 0.0010044162 
1842 0.0013392215999999998 
1843 0.0018414297 
1844 0.001674027 
1845 0.0013392215999999998 
1846 0.0018414297 
1847 0.0018414297 
1848 0.0018414297 
1849 0.0023994387 
1850 0.0027342441000000003 
1851 0.0018414297 
1852 0.0023994387 
1853 0.0018972306 
1854 0.0013392215999999998 
1855 0.0013392215999999998 
1856 0.0015066243 
1857 0.0009486153 
1858 0.0009486153 
1859 0.0009486153 
1860 0.0009486153 
1861 0.0009486153 
1862 0.0006696108 
1863 0.0006696108 
1864 0.0006696108 
1865 0.0006696108 
1866 0.0005022080999999999 
1867 0.0005022080999999999 
1868 0.0003348054 
1869 0.0003348054 
1870 0.00027900449999999997 
1871 0.00027900449999999997 
1872 0.00027900449999999997 
1873 0.00027900449999999997 
1874 0.0003348054 
1875 0.00027900449999999997 
1876 0.00027900449999999997 
1877 0.00027900449999999997 
1878 0.00027900449999999997 
1879 0.00027900449999999997 
1880 0.0007254117 
1881 0.0007254117 
1882 0.0010044162 
1883 0.0010044162 
1884 0.0010044162 
1885 0.0010602171 
1886 0.0011718189 
1887 0.0014508234 
1888 0.001674027 
1889 0.0018414297 
1890 0.0013392215999999998 
1891 0.001674027 
1892 0.0011718189 
1893 0.001674027 
1894 0.0013950224999999998 
1895 0.0011160179999999999 
1896 0.0011718189 
1897 0.0007812126000000001 
1898 0.0007812126000000001 
1899 0.0007812126000000001 
1900 0.0006138099000000001 
1901 0.0006138099000000001 
1902 0.0007812126000000001 
1903 0.0007812126000000001 
1904 0.0007812126000000001 
1905 0.0011718189 
1906 0.0007812126000000001 
1907 0.0007254117 
1908 0.00044640719999999997 
1909 0.0007254117 
1910 0.0005022080999999999 
1911 0.0006138099000000001 
1912 0.0006138099000000001 
1913 0.00027900449999999997 
1914 0.00033480539999999995 
1915 0.00033480539999999995 
1916 0.00027900449999999997 
1917 0.00011160179999999999 
1918 5.5800899999999996e-5 
1919 0.00011160179999999999 
1920 0.00011160179999999999 
1921 0.0 
1922 0.0 
1923 0.0 
1924 5.5800899999999996e-5 
1925 5.5800899999999996e-5 
1926 0.00011160179999999999 
1927 0.00011160179999999999 
1928 0.0 
1929 0.00011160179999999999 
1930 0.00011160179999999999 
1931 0.0001674027 
1932 0.00027900449999999997 
1933 0.00027900449999999997 
1934 0.0001674027 
1935 5.5800899999999996e-5 
1936 0.00027900449999999997 
1937 0.0003348054 
1938 0.0001674027 
1939 0.0003348054 
1940 0.0005022080999999999 
1941 0.00033480539999999995 
1942 0.0007254117 
1943 0.0007254117 
1944 0.00033480539999999995 
1945 0.0006138099000000001 
1946 0.000558009 
1947 0.0006138099000000001 
1948 0.00033480539999999995 
1949 0.00027900449999999997 
1950 0.00027900449999999997 
1951 0.000558009 
1952 0.00033480539999999995 
1953 0.00033480539999999995 
1954 0.0001674027 
1955 0.0001674027 
1956 0.00027900449999999997 
1957 0.00027900449999999997 
1958 0.00027900449999999997 
1959 0.0003348054 
1960 0.0003348054 
1961 0.0003348054 
1962 0.00027900449999999997 
1963 0.00044640719999999997 
1964 0.00044640719999999997 
1965 0.00044640719999999997 
1966 0.00044640719999999997 
1967 0.00044640719999999997 
1968 0.00044640719999999997 
1969 0.00044640719999999997 
1970 0.0007812126000000001 
1971 0.0007254117 
1972 0.0005022080999999999 
1973 0.0007812126000000001 
1974 0.0007812126000000001 
1975 0.0007812126000000001 
1976 0.0007812126000000001 
1977 0.0006138099000000001 
1978 0.0011718189 
1979 0.0011718189 
1980 0.0007812126000000001 
1981 0.0007812126000000001 
1982 0.0007812126000000001 
1983 0.0007812126000000001 
1984 0.00044640719999999997 
1985 0.00044640719999999997 
1986 0.0010044162 
1987 0.0010044162 
1988 0.0010602171 
1989 0.0014508234 
1990 0.0011718189 
1991 0.0013392215999999998 
1992 0.0018414297 
1993 0.0011718189 
1994 0.0011718189 
1995 0.0011718189 
1996 0.0011718189 
1997 0.0011718189 
1998 0.0011718189 
1999 0.0011718189 
2000 0.0007254117 
2001 0.0007254117 
2002 0.0007254117 
2003 0.0007254117 
2004 0.0007254117 
2005 0.0007254117 
2006 0.0010044162 
2007 0.0013950224999999998 
2008 0.0013950224999999998 
2009 0.0018972306 
2010 0.0014508233999999999 
2011 0.0013950224999999998 
2012 0.0018972306 
2013 0.0018972306 
2014 0.0019530315 
2015 0.0018972306 
2016 0.0018972306 
2017 0.0014508233999999999 
2018 0.0014508233999999999 
2019 0.0013950224999999998 
2020 0.0014508233999999999 
2021 0.0010602171 
2022 0.0007254117 
2023 0.0007254117 
2024 0.0010602171 
2025 0.0007812126000000001 
2026 0.0007254117 
2027 0.0007812126000000001 
2028 0.0005022081 
2029 0.0005022081 
2030 0.00044640719999999997 
2031 0.0005022081 
2032 0.0005022081 
2033 0.0001674027 
2034 0.0005022081 
2035 0.00033480539999999995 
2036 0.0001674027 
2037 0.00011160179999999999 
2038 0.00011160179999999999 
2039 0.00011160179999999999 
2040 0.00011160179999999999 
2041 5.5800899999999996e-5 
2042 5.5800899999999996e-5 
2043 0.0 
2044 5.5800899999999996e-5 
2045 0.00011160179999999999 
2046 5.5800899999999996e-5 
2047 5.5800899999999996e-5 
2048 0.00011160179999999999 
2049 0.00027900449999999997 
2050 0.00027900449999999997 
2051 0.00027900449999999997 
2052 0.00033480539999999995 
2053 0.00027900449999999997 
2054 0.00027900449999999997 
2055 0.0006138099000000001 
2056 0.0006138099000000001 
2057 0.000558009 
2058 0.000558009 
2059 0.0006138099000000001 
2060 0.0009486153 
2061 0.0009486153 
2062 0.0009486153 
2063 0.0014508234 
2064 0.0014508234 
2065 0.0013950225 
2066 0.0020088324 
2067 0.0020088324 
2068 0.0020646333 
2069 0.0020646333 
2070 0.0014508234 
2071 0.0013950225 
2072 0.0014508234 
2073 0.0013950225 
2074 0.0014508234 
2075 0.0020088324 
2076 0.0020088324 
2077 0.0020088324 
2078 0.0020646333 
2079 0.0020088324 
2080 0.002790045 
2081 0.0028458459 
2082 0.0028458459 
2083 0.002790045 
2084 0.0020646333 
2085 0.0021204341999999997 
2086 0.0028458459 
2087 0.0020646333 
2088 0.0021204341999999997 
2089 0.0021204341999999997 
2090 0.0021204341999999997 
2091 0.0014508234 
2092 0.0015066243000000001 
2093 0.0015066243000000001 
2094 0.0014508234 
2095 0.0010044162 
2096 0.0011718189 
2097 0.0010044162 
2098 0.0009486153 
2099 0.0010044162 
2100 0.0011718189 
2101 0.0009486153 
2102 0.000558009 
2103 0.0006138099000000001 
2104 0.0006138099000000001 
2105 0.000558009 
2106 0.00033480539999999995 
2107 0.00033480539999999995 
2108 0.00033480539999999995 
2109 0.00027900449999999997 
2110 0.00033480539999999995 
2111 0.00033480539999999995 
2112 0.00027900449999999997 
2113 0.0001674027 
2114 0.0001674027 
2115 0.0001674027 
2116 0.00011160179999999999 
2117 5.5800899999999996e-5 
2118 5.5800899999999996e-5 
2119 5.5800899999999996e-5 
2120 5.5800899999999996e-5 
2121 0.00011160179999999999 
2122 0.00011160179999999999 
2123 0.00011160179999999999 
2124 0.00011160179999999999 
2125 0.00011160179999999999 
2126 0.0001674027 
2127 0.00033480539999999995 
2128 0.00033480539999999995 
2129 0.00033480539999999995 
2130 0.00033480539999999995 
2131 0.00033480539999999995 
2132 0.00027900449999999997 
2133 0.00027900449999999997 
2134 0.00011160179999999999 
2135 0.00011160179999999999 
2136 0.0001674027 
2137 0.00011160179999999999 
2138 0.00011160179999999999 
2139 0.0001674027 
2140 0.00033480539999999995 
2141 0.0005022081 
2142 0.0005022081 
2143 0.00044640719999999997 
2144 0.0007254117 
2145 0.00027900449999999997 
2146 0.00027900449999999997 
2147 0.00033480539999999995 
2148 0.00033480539999999995 
2149 0.00033480539999999995 
2150 0.00011160179999999999 
2151 0.00011160179999999999 
2152 0.00011160179999999999 
2153 5.5800899999999996e-5 
2154 5.5800899999999996e-5 
2155 0.00011160179999999999 
2156 0.00011160179999999999 
2157 0.00011160179999999999 
2158 0.00027900449999999997 
2159 0.00027900449999999997 
2160 0.00044640719999999997 
2161 0.0005022081 
2162 0.0007812126000000001 
2163 0.0005022081 
2164 0.0012276198 
2165 0.0012276198 
2166 0.0012276198 
2167 0.0015066243 
2168 0.0018972306 
2169 0.0018972306 
2170 0.0018972306 
2171 0.0018972306 
2172 0.0018972306 
2173 0.0018972306 
2174 0.0012276198 
2175 0.0012276198 
2176 0.0020088324 
2177 0.0020088324 
2178 0.0025110405 
2179 0.0025110405 
2180 0.0020088324 
2181 0.0020088324 
2182 0.0016182260999999998 
2183 0.0016182260999999998 
2184 0.0014508233999999999 
2185 0.0014508233999999999 
2186 0.0014508233999999999 
2187 0.0014508233999999999 
2188 0.0010602171 
2189 0.0012276198 
2190 0.0016182260999999998 
2191 0.0020088324 
2192 0.0022878369 
2193 0.0022878369 
2194 0.0026784432 
2195 0.0032922531000000002 
2196 0.002790045 
2197 0.0022878369 
2198 0.0020088324 
2199 0.0020088324 
2200 0.0014508233999999999 
2201 0.0014508233999999999 
2202 0.0010602171 
2203 0.0010602171 
2204 0.0014508233999999999 
2205 0.0016182260999999998 
2206 0.0014508233999999999 
2207 0.0025110405 
2208 0.0023436378 
2209 0.0025110405 
2210 0.0025110405 
2211 0.0023436378 
2212 0.0023436378 
2213 0.0018972306 
2214 0.0019530315 
2215 0.0014508233999999999 
2216 0.0014508233999999999 
2217 0.0014508233999999999 
2218 0.0014508233999999999 
2219 0.0012276198 
2220 0.0016182260999999998 
2221 0.0018972306 
2222 0.0018972306 
2223 0.0012276198 
2224 0.0012276198 
2225 0.0012276198 
2226 0.0018972306 
2227 0.0018972306 
2228 0.0022878369 
2229 0.0022878369 
2230 0.002790045 
2231 0.0025110405 
2232 0.0025110405 
2233 0.0029574477 
2234 0.0029574477 
2235 0.0029574477 
2236 0.0029016468 
2237 0.0036828594000000003 
2238 0.0041850675 
2239 0.0036270585000000004 
2240 0.0036270585000000004 
2241 0.005022080999999999 
2242 0.0049662801 
2243 0.0197535186 
2244 0.018358496099999996 
2245 0.016851871799999998 
2246 0.015680052899999998 
2247 0.012611003399999998 
2248 0.011773989899999998 
2249 0.010099962899999999 
2250 0.0077005241999999995 
2251 0.006138099000000001 
2252 0.0042966693 
2253 0.0027900449999999997 
2254 0.0016182261 
2255 0.0018972306 
2256 0.0012276198 
2257 0.0006138099000000001 
2258 0.0010044162 
2259 0.0015066243000000001 
2260 0.0015066243000000001 
2261 0.0020646333 
2262 0.0030132486000000003 
2263 0.0022878369 
2264 0.0027342441000000003 
2265 0.0021204342 
2266 0.0023994387 
2267 0.0022878368999999996 
2268 0.0027900449999999997 
2269 0.0036270585 
2270 0.0047988774 
2271 0.005635890900000001 
2272 0.0077005242 
2273 0.0092629494 
2274 0.0108253746 
2275 0.013671220499999998 
2276 0.013671220499999998 
2277 0.015903256499999997 
2278 0.013280614199999999 
2279 0.013280614199999999 
2280 0.012834207 
2281 0.011160179999999999 
2282 0.011662388099999999 
2283 0.0098767593 
2284 0.0069751125 
2285 0.006751908900000001 
2286 0.006138099000000001 
2287 0.005022081 
2288 0.0060822980999999995 
2289 0.0065287053 
2290 0.0029574477 
2291 0.005022080999999999 
2292 0.006751908899999999 
2293 0.0097093566 
2294 0.0097093566 
2295 0.005022080999999999 
2296 0.005635890899999999 
2297 0.0065845062 
2298 0.010323166499999998 
2299 0.0097093566 
2300 0.0116623881 
2301 0.0118297908 
2302 0.0085375377 
2303 0.0108253746 
2304 0.008816542200000001 
2305 0.0065845062 
2306 0.005635890899999999 
2307 0.0060822980999999995 
2308 0.005022081 
2309 0.0054126873 
2310 0.0055242891 
2311 0.006807709799999999 
2312 0.0065845062000000005 
2313 0.007477320599999999 
2314 0.0049662801 
2315 0.0030132486000000003 
2316 0.0034038549000000003 
2317 0.0022878368999999996 
2318 0.0009486153 
2319 0.0011718189 
2320 0.0025668414 
2321 0.0037386603 
2322 0.0053568864 
2323 0.0081469314 
2324 0.011718188999999999 
2325 0.013950225 
2326 0.010044161999999999 
2327 0.0120529944 
2328 0.012778406099999999 
2329 0.0194745141 
2330 0.0152336457 
2331 0.010378967399999998 
2332 0.0073657188 
2333 0.0040734657 
2334 0.0023436378000000003 
2335 0.0010602171 
2336 0.00027900449999999997 
2337 0.00011160179999999999 
2338 0.00011160179999999999 
2339 0.0009486153 
2340 0.0016182261 
2341 0.0010044162 
2342 0.00033480539999999995 
2343 0.0007254117 
2344 0.0015066243000000001 
2345 0.0032922531000000002 
2346 0.005970696299999999 
2347 0.0082027323 
2348 0.0107695737 
2349 0.008314334100000001 
2350 0.0085375377 
2351 0.006807709800000001 
2352 0.0058590945 
2353 0.0089839449 
2354 0.006138098999999999 
2355 0.0038502621 
2356 0.0025110405 
2357 0.0011718189 
2358 0.0009486153 
2359 0.0009486153 
2360 0.0010044162 
2361 0.0005022080999999999 
2362 5.5800899999999996e-5 
2363 0.00027900449999999997 
2364 0.0007254117 
2365 0.0009486153 
2366 0.0016182260999999998 
2367 0.0031806513 
2368 0.0054126873 
2369 0.0058032935999999995 
2370 0.005022081 
2371 0.0092629494 
2372 0.012499401600000001 
2373 0.008983944899999999 
2374 0.0135038178 
2375 0.0163496637 
2376 0.012164596199999999 
2377 0.0107695737 
2378 0.016182261 
2379 0.0183584961 
2380 0.0165728673 
2381 0.016796070899999998 
2382 0.011718189 
2383 0.014340831300000002 
2384 0.0065845062000000005 
2385 0.0041292666 
2386 0.0025668414 
2387 0.0022878369 
2388 0.0018414297 
2389 0.0034596558 
2390 0.0031248504 
2391 0.0060822980999999995 
2392 0.0034038549 
2393 0.0042966693 
2394 0.0069751125 
2395 0.0069751125 
2396 0.006807709800000001 
2397 0.0114949854 
2398 0.010044161999999999 
2399 0.0084817368 
2400 0.007030913399999999 
2401 0.008481736799999999 
2402 0.0112159809 
2403 0.010155763799999998 
2404 0.007198316099999999 
2405 0.005914895399999999 
2406 0.0037386603000000005 
2407 0.0042966693 
2408 0.0031806513 
2409 0.0031248504 
2410 0.0029016468 
2411 0.0041850675 
2412 0.0045198729 
2413 0.0058590945 
2414 0.008816542200000001 
2415 0.0083143341 
2416 0.0049662801000000005 
2417 0.0031248504 
2418 0.001674027 
2419 0.0011160179999999999 
2420 0.0016182261 
2421 0.0016182261 
2422 0.0027342441000000003 
2423 0.0038502620999999997 
2424 0.0060264972000000005 
2425 0.0083143341 
2426 0.0104347683 
2427 0.013950225 
2428 0.0159590574 
2429 0.014954641200000002 
2430 0.0180794916 
2431 0.014340831299999999 
2432 0.0114949854 
2433 0.0134480169 
2434 0.0141734286 
2435 0.010825374600000002 
2436 0.0078679269 
2437 0.005914895399999999 
2438 0.0041292666000000006 
2439 0.0025110404999999997 
2440 0.0011718189 
2441 0.0005022080999999999 
2442 0.00027900449999999997 
2443 0.00027900449999999997 
2444 0.0010602171 
2445 0.0022878369 
2446 0.0047430765 
2447 0.005580089999999999 
2448 0.008091130499999998 
2449 0.008146931399999998 
2450 0.0096535557 
2451 0.0084817368 
2452 0.0107695737 
2453 0.010155763799999998 
2454 0.006417103499999999 
2455 0.0059706963 
2456 0.0041850675 
2457 0.0029574477 
2458 0.0027900449999999997 
2459 0.0022878368999999996 
2460 0.0027900449999999997 
2461 0.0016182261 
2462 0.0027900449999999997 
2463 0.0045756738 
2464 0.005859094499999999 
2465 0.006807709799999999 
2466 0.008537537699999998 
2467 0.0122203971 
2468 0.014954641200000002 
2469 0.0148430394 
2470 0.0108253746 
2471 0.010825374600000002 
2472 0.0153452475 
2473 0.0108253746 
2474 0.010825374600000002 
2475 0.014340831300000002 
2476 0.013727021400000003 
2477 0.012052994400000001 
2478 0.0103231665 
2479 0.0092629494 
2480 0.0083143341 
2481 0.0074773206 
2482 0.0092629494 
2483 0.0081469314 
2484 0.010044161999999999 
2485 0.009374551200000001 
2486 0.0074773206 
2487 0.0074773206 
2488 0.005635890899999999 
2489 0.0049104792 
2490 0.0041850675 
2491 0.0047988774 
2492 0.0039060630000000004 
2493 0.0034038549000000003 
2494 0.0038502621000000006 
2495 0.0032922531000000002 
2496 0.0030132486000000003 
2497 0.002790045 
2498 0.002790045 
2499 0.0021204341999999997 
2500 0.0030132486000000003 
2501 0.0034596558000000006 
2502 0.0046872756 
2503 0.0054684882 
2504 0.005022081 
2505 0.005635890900000001 
2506 0.006751908900000001 
2507 0.0047988774 
2508 0.0060264972 
2509 0.006751908900000001 
2510 0.0042966693 
2511 0.0034038549000000003 
2512 0.0034038549000000003 
2513 0.0042966693 
2514 0.0037944612 
2515 0.0030132486000000003 
2516 0.0034038549000000003 
2517 0.0034038549000000003 
2518 0.0030132486000000003 
2519 0.0027342441000000003 
2520 0.0027342441000000003 
2521 0.0031248504000000003 
2522 0.004352470200000001 
2523 0.0034596558 
2524 0.0023436378000000003 
2525 0.0018414297 
2526 0.0014508234 
2527 0.0011718189 
2528 0.0013392215999999998 
2529 0.0018414297 
2530 0.001674027 
2531 0.0027342441000000003 
2532 0.0025668414 
2533 0.0032922531000000002 
2534 0.0036828594000000003 
2535 0.0046872756 
2536 0.0051894837 
2537 0.006138098999999999 
2538 0.0074773206 
2539 0.0096535557 
2540 0.011439184500000001 
2541 0.011439184500000001 
2542 0.012052994400000001 
2543 0.012052994400000001 
2544 0.0127784061 
2545 0.0135038178 
2546 0.0135038178 
2547 0.0165728673 
2548 0.0165728673 
2549 0.0180794916 
2550 0.0180794916 
2551 0.016405464600000003 
2552 0.014954641200000002 
2553 0.014954641200000002 
2554 0.013727021400000003 
2555 0.0159590574 
2556 0.014954641200000002 
2557 0.0122203971 
2558 0.013224813300000002 
2559 0.0148430394 
2560 0.013727021400000003 
2561 0.013727021400000003 
2562 0.011718189 
2563 0.009820958400000001 
2564 0.008537537699999998 
2565 0.0065845062000000005 
2566 0.0065845062000000005 
2567 0.0055242890999999995 
2568 0.006305501699999999 
2569 0.0073657188 
2570 0.0095419539 
2571 0.008370135 
2572 0.0101557638 
2573 0.0107695737 
2574 0.012052994400000001 
2575 0.012220397099999999 
2576 0.0135038178 
2577 0.014898840299999999 
2578 0.0134480169 
2579 0.0134480169 
2580 0.013727021400000003 
2581 0.013224813300000002 
2582 0.0143408313 
2583 0.0143408313 
2584 0.0143408313 
2585 0.013950225 
2586 0.015680052899999998 
2587 0.015680052899999998 
2588 0.015010442099999998 
2589 0.015010442099999998 
2590 0.013280614199999999 
2591 0.0112159809 
2592 0.0112159809 
2593 0.010155763799999998 
2594 0.008481736799999999 
2595 0.0090397458 
2596 0.007198316099999999 
2597 0.0065845062000000005 
2598 0.007756325099999999 
2599 0.0090397458 
2600 0.0104347683 
2601 0.0108253746 
2602 0.009820958400000001 
2603 0.009820958400000001 
2604 0.0122203971 
2605 0.010825374600000002 
2606 0.0095419539 
2607 0.0101557638 
2608 0.0089839449 
2609 0.0095977548 
2610 0.0095977548 
2611 0.0095419539 
2612 0.0095419539 
2613 0.0095419539 
2614 0.008537537699999998 
2615 0.008537537699999998 
2616 0.0081469314 
2617 0.0087607413 
2618 0.007309917899999999 
2619 0.007030913399999999 
2620 0.0082585332 
2621 0.006863510699999999 
2622 0.006975112499999999 
2623 0.007030913399999999 
2624 0.006975112499999999 
2625 0.0058590945 
2626 0.0060264972000000005 
2627 0.0060264972000000005 
2628 0.0049662801 
2629 0.0038502620999999997 
2630 0.004798877399999999 
2631 0.0036270584999999996 
2632 0.004575673799999999 
2633 0.004575673799999999 
2634 0.004798877399999999 
2635 0.004798877399999999 
2636 0.0038502620999999997 
2637 0.0040176648 
2638 0.0052452846 
2639 0.0055242890999999995 
2640 0.0045756738 
2641 0.0055242890999999995 
2642 0.0045756738 
2643 0.0040176648 
2644 0.0045756738 
2645 0.0055242890999999995 
2646 0.0065845062000000005 
2647 0.008537537699999998 
2648 0.0090397458 
2649 0.0090397458 
2650 0.0104347683 
2651 0.010155763799999998 
2652 0.0116623881 
2653 0.011494985400000001 
2654 0.0116623881 
2655 0.011494985400000001 
2656 0.0131132115 
2657 0.012052994400000001 
2658 0.010155763799999998 
2659 0.009988361099999999 
2660 0.009988361099999999 
2661 0.009988361099999999 
2662 0.0083143341 
2663 0.0085933386 
2664 0.0087607413 
2665 0.007477320599999999 
2666 0.007477320599999999 
2667 0.007477320599999999 
2668 0.0063055017000000005 
2669 0.0049662801 
2670 0.0040176648 
2671 0.0036270584999999996 
2672 0.002790045 
2673 0.0021204341999999997 
2674 0.0024552396000000003 
2675 0.0024552396000000003 
2676 0.0037386603000000005 
2677 0.0024552396000000003 
2678 0.0037386603000000005 
2679 0.0045756738 
2680 0.005356886399999999 
2681 0.0045198729 
2682 0.005356886399999999 
2683 0.0045198729 
2684 0.005356886399999999 
2685 0.0045198729 
2686 0.0037386603000000005 
2687 0.0037386603000000005 
2688 0.0037944612 
2689 0.0037944612 
2690 0.002790045 
2691 0.0021204342 
2692 0.0016182260999999998 
2693 0.0007812126000000001 
2694 0.000558009 
2695 0.0009486153 
2696 0.0010044162 
2697 0.0007254117 
2698 0.0011718189 
2699 0.0014508234 
2700 0.0013950225 
2701 0.0020088324 
2702 0.0027342441000000003 
2703 0.002790045 
2704 0.0036828593999999994 
2705 0.0038502620999999997 
2706 0.0031806513000000006 
2707 0.0031806513000000006 
2708 0.0040176648 
2709 0.004798877399999999 
2710 0.0058590945 
2711 0.0058590945 
2712 0.006975112499999999 
2713 0.0083143341 
2714 0.009653555699999998 
2715 0.01116018 
2716 0.0112159809 
2717 0.009876759299999998 
2718 0.0087607413 
2719 0.009709356599999998 
2720 0.0083143341 
2721 0.0083143341 
2722 0.009653555699999998 
2723 0.0085933386 
2724 0.009988361099999999 
2725 0.010155763799999998 
2726 0.0090397458 
2727 0.0094303521 
2728 0.0081469314 
2729 0.008537537699999998 
2730 0.0073657188 
2731 0.0078679269 
2732 0.007309917899999999 
2733 0.007309917899999999 
2734 0.007309917899999999 
2735 0.0075889224 
2736 0.0085375377 
2737 0.009988361099999999 
2738 0.0095977548 
2739 0.012220397099999999 
2740 0.012052994400000001 
2741 0.012052994400000001 
2742 0.012834207 
2743 0.014954641200000002 
2744 0.014954641200000002 
2745 0.014954641200000002 
2746 0.0141734286 
2747 0.014898840299999999 
2748 0.0135038178 
2749 0.012220397099999999 
2750 0.012220397099999999 
2751 0.0110485782 
2752 0.009988361099999999 
2753 0.0089839449 
2754 0.0089839449 
2755 0.0089839449 
2756 0.0090397458 
2757 0.0089839449 
2758 0.0101557638 
2759 0.0095977548 
2760 0.0107695737 
2761 0.0095419539 
2762 0.008370135 
2763 0.0078679269 
2764 0.006807709799999999 
2765 0.006807709799999999 
2766 0.006807709799999999 
2767 0.0079237278 
2768 0.0085375377 
2769 0.0090397458 
2770 0.0098767593 
2771 0.0090397458 
2772 0.008314334100000001 
2773 0.008314334100000001 
2774 0.009151347599999998 
2775 0.0090397458 
2776 0.0098767593 
2777 0.0107137728 
2778 0.0090397458 
2779 0.0090397458 
2780 0.0090397458 
2781 0.0075889224 
2782 0.006751908900000001 
2783 0.0055242891 
2784 0.0047988774 
2785 0.0041850675 
2786 0.0037944612 
2787 0.0037944612 
2788 0.005022081 
2789 0.0055242891 
2790 0.006751908900000001 
2791 0.0075889224 
2792 0.0075889224 
2793 0.009988361099999999 
2794 0.0110485782 
2795 0.0110485782 
2796 0.013894424099999997 
2797 0.0127226052 
2798 0.012611003399999998 
2799 0.011662388099999997 
2800 0.0098767593 
2801 0.0090397458 
2802 0.0075889224 
2803 0.0075889224 
2804 0.0055242891 
2805 0.005859094499999999 
2806 0.005859094499999999 
2807 0.0041292666000000006 
2808 0.0038502621000000006 
2809 0.0027342441000000003 
2810 0.0025668414 
2811 0.0025110405 
2812 0.0019530315 
2813 0.0018414297 
2814 0.0013392215999999998 
2815 0.0021204342 
2816 0.0014508234 
2817 0.0018414297 
2818 0.0028458459000000004 
2819 0.0028458459000000004 
2820 0.0023436378000000003 
2821 0.0030132486 
2822 0.0036270585000000004 
2823 0.0025110404999999997 
2824 0.0021204342 
2825 0.0018414297 
2826 0.0019530315 
2827 0.0018972306 
2828 0.0025668414 
2829 0.0019530315 
2830 0.0021204342 
2831 0.0030132486000000003 
2832 0.0030132486000000003 
2833 0.0027342441000000003 
2834 0.0041292666000000006 
2835 0.0041292666000000006 
2836 0.0036828594000000003 
2837 0.0036270585000000004 
2838 0.0029016468 
2839 0.0029016468 
2840 0.0036270585000000004 
2841 0.0049662801 
2842 0.0041850675 
2843 0.005022080999999999 
2844 0.005914895399999999 
2845 0.0075889224 
2846 0.006528705300000001 
2847 0.006807709800000001 
2848 0.0068635107 
2849 0.0054126873 
2850 0.0054126873 
2851 0.0042966693 
2852 0.0039060630000000004 
2853 0.002790045 
2854 0.0031248504000000003 
2855 0.0019530315 
2856 0.0018972306 
2857 0.0016182261 
2858 0.0018972306 
2859 0.0011718189 
2860 0.0013392215999999998 
2861 0.0013392215999999998 
2862 0.0013392215999999998 
2863 0.0013392215999999998 
2864 0.0021204342 
2865 0.0019530315 
2866 0.0018972306 
2867 0.0018972306 
2868 0.0019530315 
2869 0.0011718189 
2870 0.0011718189 
2871 0.0007254117 
2872 0.000558009 
2873 0.00033480539999999995 
2874 0.00027900449999999997 
2875 0.00011160179999999999 
2876 0.00011160179999999999 
2877 0.00027900449999999997 
2878 0.00033480539999999995 
2879 0.0007812126000000001 
2880 0.0006138099000000001 
2881 0.000558009 
2882 0.0007254117 
2883 0.0007812126000000001 
2884 0.0009486153 
2885 0.00033480539999999995 
2886 0.0006138099000000001 
2887 0.000558009 
2888 0.0006138099000000001 
2889 0.0007812126000000001 
2890 0.0010602171 
2891 0.0010602171 
2892 0.0010602171 
2893 0.0007812126000000001 
2894 0.0006138099000000001 
2895 0.0005022080999999999 
2896 0.0005022080999999999 
2897 0.00044640719999999997 
2898 0.0007254117 
2899 0.0011160179999999999 
2900 0.0016182261 
2901 0.0016182261 
2902 0.0011160179999999999 
2903 0.0014508234 
2904 0.0014508234 
2905 0.0016182261 
2906 0.0014508234 
2907 0.0013392215999999998 
2908 0.0013392215999999998 
2909 0.0007812126000000001 
2910 0.0007254117 
2911 0.00027900449999999997 
2912 0.00033480539999999995 
2913 0.00027900449999999997 
2914 0.00011160179999999999 
2915 0.0001674027 
2916 0.00011160179999999999 
2917 5.5800899999999996e-5 
2918 0.00011160179999999999 
2919 5.5800899999999996e-5 
2920 0.00022320359999999999 
2921 0.00027900449999999997 
2922 0.00027900449999999997 
2923 0.00027900449999999997 
2924 0.00044640719999999997 
2925 0.0007812126 
2926 0.0007812126000000001 
2927 0.0005022080999999999 
2928 0.00033480539999999995 
2929 0.00033480539999999995 
2930 0.00033480539999999995 
2931 0.00011160179999999999 
2932 0.00044640719999999997 
2933 0.00033480539999999995 
2934 0.00033480539999999995 
2935 0.0001674027 
2936 0.00011160179999999999 
2937 0.00011160179999999999 
2938 0.00011160179999999999 
2939 0.0001674027 
2940 0.0001674027 
2941 0.00011160179999999999 
2942 0.00027900449999999997 
2943 0.00027900449999999997 
2944 0.00027900449999999997 
2945 0.00027900449999999997 
2946 0.000558009 
2947 0.000558009 
2948 0.000558009 
2949 0.0006138099000000001 
2950 0.0010044162 
2951 0.0010044162 
2952 0.0010044162 
2953 0.0015066243000000001 
2954 0.0015066243000000001 
2955 0.0014508234 
2956 0.0014508234 
2957 0.0014508234 
2958 0.0014508234 
2959 0.0020646333 
2960 0.0014508234 
2961 0.0014508234 
2962 0.0020646333 
2963 0.002232036 
2964 0.0021204341999999997 
2965 0.0020646333 
2966 0.0020646333 
2967 0.002232036 
2968 0.0020646333 
2969 0.0014508234 
2970 0.0014508234 
2971 0.0014508234 
2972 0.0014508234 
2973 0.0014508234 
2974 0.0009486153 
2975 0.0010044162 
2976 0.0010044162 
2977 0.0010044162 
2978 0.0010044162 
2979 0.0010044162 
2980 0.0010044162 
2981 0.0006138099000000001 
2982 0.0006138099000000001 
2983 0.0010044162 
2984 0.0006138099000000001 
2985 0.000558009 
2986 0.0006138099000000001 
2987 0.0006138099000000001 
2988 0.000558009 
2989 0.00027900449999999997 
2990 0.000558009 
2991 0.00027900449999999997 
2992 0.00027900449999999997 
2993 0.00027900449999999997 
2994 0.00027900449999999997 
2995 0.00027900449999999997 
2996 0.0001674027 
2997 0.0001674027 
2998 0.0003348054 
2999 0.0003348054 
3000 0.00027900449999999997 
3001 0.00044640719999999997 
3002 0.00044640719999999997 
3003 0.0007254117 
3004 0.0007254117 
3005 0.0007254117 
3006 0.0011160179999999999 
3007 0.0011160179999999999 
3008 0.0014508234 
3009 0.0018972306 
3010 0.0014508234 
3011 0.0014508234 
3012 0.0014508234 
3013 0.0010602171 
3014 0.0010602171 
3015 0.0010602171 
3016 0.0007812126 
3017 0.0007254117 
3018 0.0007254117 
3019 0.0011160179999999999 
3020 0.0007812126 
3021 0.0007812126 
3022 0.0007812126 
3023 0.0011718189 
3024 0.0011718189 
3025 0.001674027 
3026 0.0018414297000000001 
3027 0.001674027 
3028 0.001674027 
3029 0.0011718189 
3030 0.0011718189 
3031 0.0011718189 
3032 0.0010044162 
3033 0.0011718189 
3034 0.0007812126 
3035 0.0007812126 
3036 0.0007812126 
3037 0.0007812126 
3038 0.0007254117 
3039 0.0010044162 
3040 0.0010044162 
3041 0.0007254117 
3042 0.0011160179999999999 
3043 0.0011718189 
3044 0.001674027 
3045 0.001674027 
3046 0.0022878369 
3047 0.0021204341999999997 
3048 0.0021204341999999997 
3049 0.0021204341999999997 
3050 0.0022878369 
3051 0.0020646333 
3052 0.002232036 
3053 0.0029574477000000004 
3054 0.0020646333 
3055 0.002790045 
3056 0.0020088324 
3057 0.0020088324 
3058 0.002790045 
3059 0.0020646333 
3060 0.002790045 
3061 0.0020646333 
3062 0.0020646333 
3063 0.0020088324 
3064 0.0013950225 
3065 0.0013950225 
3066 0.0020646333 
3067 0.0015066243000000001 
3068 0.0015066243000000001 
3069 0.0014508234 
3070 0.0015066243000000001 
3071 0.0015066243000000001 
3072 0.0015066243000000001 
3073 0.0015066243000000001 
3074 0.0015066243000000001 
3075 0.0010044162 
3076 0.0010044162 
3077 0.0010044162 
3078 0.0007812126000000001 
3079 0.0007254117 
3080 0.00044640719999999997 
3081 0.00044640719999999997 
3082 0.0007254117 
3083 0.0007254117 
3084 0.0007812126 
3085 0.0007812126 
3086 0.0007812126 
3087 0.0006138099 
3088 0.0006138099 
3089 0.0006138099 
3090 0.0006138099 
3091 0.0007812126 
3092 0.0007254117 
3093 0.00044640719999999997 
3094 0.0007254117 
3095 0.0007254117 
3096 0.0005022080999999999 
3097 0.0005022080999999999 
3098 0.0007812126 
3099 0.0010602171 
3100 0.0007812126000000001 
3101 0.0005022080999999999 
3102 0.00033480539999999995 
3103 0.0006696108 
3104 0.0005022080999999999 
3105 0.00033480539999999995 
3106 0.00033480539999999995 
3107 0.0006696108 
3108 0.0009486153 
3109 0.0007812126000000001 
3110 0.0009486153 
3111 0.0012276198 
3112 0.0012276198 
3113 0.0012276198 
3114 0.0012276198 
3115 0.0009486153 
3116 0.0009486153 
3117 0.0009486153 
3118 0.0006696108 
3119 0.0005022081 
3120 0.0005022081 
3121 0.0005022081 
3122 0.0005022081 
3123 0.0005022081 
3124 0.00044640719999999997 
3125 0.00044640719999999997 
3126 0.00044640719999999997 
3127 0.00044640719999999997 
3128 0.0007812126000000001 
3129 0.0010602171 
3130 0.0010602171 
3131 0.0005022081 
3132 0.0006696108 
3133 0.0009486153 
3134 0.0009486153 
3135 0.0006696108 
3136 0.0009486153 
3137 0.0010602171 
3138 0.0005022080999999999 
3139 0.0005022080999999999 
3140 0.0007812126 
3141 0.0007254117 
3142 0.00044640719999999997 
3143 0.00044640719999999997 
3144 0.0007254117 
3145 0.0007254117 
3146 0.00027900449999999997 
3147 0.0003348054 
3148 0.0006138099 
3149 0.0003348054 
3150 0.0003348054 
3151 0.0007812126 
3152 0.0007812126 
3153 0.0005022080999999999 
3154 0.00044640719999999997 
3155 0.0010044162 
3156 0.0007254117 
3157 0.0007254117 
3158 0.0007254117 
3159 0.0011160179999999999 
3160 0.000558009 
3161 0.000558009 
3162 0.000558009 
3163 0.000558009 
3164 0.000558009 
3165 0.0010044162 
3166 0.0010044162 
3167 0.0010044162 
3168 0.0010044162 
3169 0.0015066243000000001 
3170 0.0010044162 
3171 0.0010044162 
3172 0.0015066243000000001 
3173 0.0015066243000000001 
3174 0.0015066243000000001 
3175 0.0015066243000000001 
3176 0.0015066243000000001 
3177 0.0015066243000000001 
3178 0.0015066243000000001 
3179 0.0015066243000000001 
3180 0.0021204341999999997 
3181 0.0020646333 
3182 0.0021204341999999997 
3183 0.0020646333 
3184 0.002790045 
3185 0.002790045 
3186 0.002790045 
3187 0.002790045 
3188 0.002790045 
3189 0.0027342441000000003 
3190 0.0027342441000000003 
3191 0.0020088324 
3192 0.0020088324 
3193 0.0020646333 
3194 0.0020646333 
3195 0.0020646333 
3196 0.0020646333 
3197 0.0021204341999999997 
3198 0.0030132486000000003 
3199 0.0025668414 
3200 0.0029574477000000004 
3201 0.0030132486000000003 
3202 0.0030132486000000003 
3203 0.0030132486000000003 
3204 0.0030132486000000003 
3205 0.0021204341999999997 
3206 0.0021204341999999997 
3207 0.0020088324 
3208 0.0020088324 
3209 0.0020646333 
3210 0.0020646333 
3211 0.0020646333 
3212 0.0020088324 
3213 0.0020646333 
3214 0.0020646333 
3215 0.0020646333 
3216 0.0014508234 
3217 0.0014508234 
3218 0.0014508234 
3219 0.0014508234 
3220 0.0014508234 
3221 0.0009486153 
3222 0.0014508234 
3223 0.0009486153 
3224 0.0009486153 
3225 0.0009486153 
3226 0.0009486153 
3227 0.0009486153 
3228 0.000558009 
3229 0.000558009 
3230 0.000558009 
3231 0.000558009 
3232 0.000558009 
3233 0.00027900449999999997 
3234 0.00022320359999999999 
3235 0.00022320359999999999 
3236 0.00022320359999999999 
3237 0.00022320359999999999 
3238 0.00027900449999999997 
3239 5.5800899999999996e-5 
3240 5.5800899999999996e-5 
3241 0.00011160179999999999 
3242 0.0001674027 
3243 5.5800899999999996e-5 
3244 5.5800899999999996e-5 
3245 0.00011160179999999999 
3246 0.00011160179999999999 
3247 5.5800899999999996e-5 
3248 0.00011160179999999999 
3249 0.00011160179999999999 
3250 0.00033480539999999995 
3251 0.00033480539999999995 
3252 0.0001674027 
3253 0.00011160179999999999 
3254 0.00011160179999999999 
3255 0.00011160179999999999 
3256 5.5800899999999996e-5 
3257 5.5800899999999996e-5 
3258 5.5800899999999996e-5 
3259 5.5800899999999996e-5 
3260 5.5800899999999996e-5 
3261 5.5800899999999996e-5 
3262 5.5800899999999996e-5 
3263 0.00011160179999999999 
3264 0.00011160179999999999 
3265 0.00033480539999999995 
3266 0.00033480539999999995 
3267 0.00011160179999999999 
3268 0.00027900449999999997 
3269 0.0003348054 
3270 0.0003348054 
3271 0.0005022080999999999 
3272 0.00044640719999999997 
3273 0.0007254117 
3274 0.0007254117 
3275 0.00044640719999999997 
3276 0.00044640719999999997 
3277 0.0003348054 
3278 0.0001674027 
3279 0.0003348054 
3280 0.00011160179999999999 
3281 0.00011160179999999999 
3282 0.00011160179999999999 
3283 0.0001674027 
3284 0.00011160179999999999 
3285 0.00011160179999999999 
3286 0.00011160179999999999 
3287 0.00011160179999999999 
3288 0.00011160179999999999 
3289 0.00027900449999999997 
3290 0.00033480539999999995 
3291 0.00033480539999999995 
3292 0.0007812126000000001 
3293 0.0007812126000000001 
3294 0.0007812126000000001 
3295 0.0007812126000000001 
3296 0.0013392215999999998 
3297 0.0013392215999999998 
3298 0.0018414297 
3299 0.0018414297 
3300 0.0027342441000000003 
3301 0.0027342441000000003 
3302 0.0021204342 
3303 0.0021204342 
3304 0.0018414297 
3305 0.0013392215999999998 
3306 0.0011718189 
3307 0.0011718189 
3308 0.0007812126000000001 
3309 0.0007812126000000001 
3310 0.0007812126000000001 
3311 0.0007812126000000001 
3312 0.0007812126000000001 
3313 0.0007812126000000001 
3314 0.0007812126000000001 
3315 0.0007812126000000001 
3316 0.0011718189 
3317 0.0011718189 
3318 0.0011718189 
3319 0.0011718189 
3320 0.0011718189 
3321 0.0007254117 
3322 0.0007254117 
3323 0.0005022081 
3324 0.00044640719999999997 
3325 0.00044640719999999997 
3326 0.00044640719999999997 
3327 0.0007254117 
3328 0.0007254117 
3329 0.0011160179999999999 
3330 0.0013950224999999998 
3331 0.0011718189 
3332 0.0019530315 
3333 0.0019530315 
3334 0.0019530315 
3335 0.0011718189 
3336 0.0011718189 
3337 0.0018414297 
3338 0.0018414297 
3339 0.0021204342 
3340 0.0021204342 
3341 0.0021204342 
3342 0.0019530315000000002 
3343 0.0023436378000000003 
3344 0.0023436378000000003 
3345 0.0014508234 
3346 0.0014508234 
3347 0.0014508234 
3348 0.0014508234 
3349 0.0014508234 
3350 0.0018414297 
3351 0.0018414297 
3352 0.0018414297 
3353 0.001674027 
3354 0.0019530315 
3355 0.0025668414 
3356 0.0025110405 
3357 0.0029016468 
3358 0.0029574477 
3359 0.0029016468 
3360 0.0036270585000000004 
3361 0.0036270585000000004 
3362 0.0036270585000000004 
3363 0.0036270585000000004 
