1 0.0059362932 
2 0.005189342400000001 
3 0.005189342400000001 
4 0.0049010456 
5 0.0038920067999999998 
6 0.0036823363999999997 
7 0.0028567591999999996 
8 0.0027388196 
9 0.0020180776 
10 0.0016904676 
11 0.0012842312 
12 0.0008910992 
13 0.0007469508 
14 0.000589698 
15 0.0007338463999999999 
16 0.00065522 
17 0.0007469508 
18 0.00098283 
19 0.0011269784000000002 
20 0.0009697256 
21 0.0010876652 
22 0.0012187092 
23 0.0010876652 
24 0.0011662915999999998 
25 0.0011269784 
26 0.0009566212 
27 0.0009173080000000001 
28 0.0008648904 
29 0.001441484 
30 0.0016904676 
31 0.0021098084000000005 
32 0.002555358 
33 0.0034857703999999997 
34 0.0029353855999999998 
35 0.0036430231999999996 
36 0.0035906056 
37 0.0038526935999999997 
38 0.0049534632 
39 0.0050976116 
40 0.006368738399999999 
41 0.0069584364 
42 0.008727530399999999 
43 0.009985552800000002 
44 0.011073218 
45 0.009579316400000001 
46 0.0112566796 
47 0.009133766800000002 
48 0.007901953199999999 
49 0.0077315959999999994 
50 0.0061983812 
51 0.0053203864 
52 0.005425221599999999 
53 0.004625853199999999 
54 0.004049259600000001 
55 0.0042720344 
56 0.0038395891999999997 
57 0.0028960724 
58 0.0023718963999999998 
59 0.0016904676000000002 
60 0.0013235443999999998 
61 0.001179396 
62 0.0008910992 
63 0.0011662916 
64 0.001507006 
65 0.0018346160000000003 
66 0.0026995063999999997 
67 0.0032105780000000004 
68 0.004442391600000001 
69 0.0058445623999999995 
70 0.0067356616 
71 0.0080985192 
72 0.0084916512 
73 0.00687981 
74 0.0069977495999999995 
75 0.005058298399999999 
76 0.004992776399999999 
77 0.0039182156 
78 0.0029746988 
79 0.0025815668000000003 
80 0.001900138 
81 0.0015987368 
82 0.0013628576 
83 0.0015987368 
84 0.002227748 
85 0.0022801656 
86 0.0024374184 
87 0.001703572 
88 0.0014414840000000003 
89 0.001375962 
90 0.0016380499999999998 
91 0.0019394511999999999 
92 0.003014012 
93 0.003014012 
94 0.0043768696 
95 0.004953463199999999 
96 0.0061197548 
97 0.0074170904 
98 0.0074564036 
99 0.00622459 
100 0.004507913599999999 
101 0.0040230508000000005 
102 0.0031188471999999997 
103 0.003210578 
104 0.0024374184 
105 0.0025553579999999998 
106 0.0024374184 
107 0.003210578 
108 0.0035906056 
109 0.0039182156 
110 0.0043637651999999996 
111 0.0038526936000000006 
112 0.004481704799999999 
113 0.0043768696 
114 0.005503848 
115 0.0061197548 
116 0.0082033544 
117 0.009042036000000002 
118 0.010614564 
119 0.0116367072 
120 0.011348410400000002 
121 0.012606432800000001 
122 0.0116367072 
123 0.010037970399999999 
124 0.009238602000000002 
125 0.007692282799999999 
126 0.0080985192 
127 0.0086620084 
128 0.0067225572 
129 0.0068929144 
130 0.006774974800000001 
131 0.0050976115999999995 
132 0.0050976115999999995 
133 0.005634891999999999 
134 0.005307282000000001 
135 0.004127886 
136 0.004127886 
137 0.00393132 
138 0.0027388196 
139 0.002358792 
140 0.0028698636 
141 0.0020573908 
142 0.002358792 
143 0.0030926384 
144 0.003538188 
145 0.004468600400000001 
146 0.0051500292 
147 0.0064342604 
148 0.0069322276 
149 0.007901953199999999 
150 0.0063163208000000005 
151 0.0068667056 
152 0.007613656399999999 
153 0.006041128400000001 
154 0.004573435599999999 
155 0.005372804000000001 
156 0.0059887108 
157 0.0067225572 
158 0.0069977495999999995 
159 0.0079805796 
160 0.0080461016 
161 0.0076136564 
162 0.0061983812 
163 0.0050976115999999995 
164 0.0038395891999999997 
165 0.0030402208 
166 0.0021098084 
167 0.0015725280000000001 
168 0.0014152752000000002 
169 0.0010090388 
170 0.0007600552 
171 0.0006814288 
172 0.0006945332 
173 0.0008124728000000001 
174 0.0007731596 
175 0.0009042036 
176 0.0008910992 
177 0.001375962 
178 0.0014152752000000002 
179 0.0020180776 
180 0.0024374184 
181 0.0036954407999999998 
182 0.004442391600000001 
183 0.006132859200000001 
184 0.00687981 
185 0.0086095908 
186 0.0083999204 
187 0.0089634096 
188 0.008203354400000001 
189 0.006460469199999999 
190 0.0052548644 
191 0.0060149196 
192 0.005569370000000001 
193 0.0049010456 
194 0.003014012 
195 0.0025422535999999997 
196 0.0016511543999999999 
197 0.0016904676000000002 
198 0.0012318135999999998 
199 0.0011269783999999998 
200 0.0016511543999999999 
201 0.0013366488000000002 
202 0.0009042036 
203 0.0011662915999999998 
204 0.0010090388 
205 0.0010090388 
206 0.0008124728000000001 
207 0.0009435168 
208 0.0009697255999999999 
209 0.0011138739999999997 
210 0.0012318135999999998 
211 0.0017559895999999999 
212 0.0020180776 
213 0.0026995064 
214 0.0035775012 
215 0.004481704799999999 
216 0.005661100800000001 
217 0.0067880792 
218 0.0082295632 
219 0.008884783200000001 
220 0.008950305200000001 
221 0.0098283 
222 0.0114532456 
223 0.0115449764 
224 0.0117546468 
225 0.0117546468 
226 0.0106669816 
227 0.009500690000000001 
228 0.0103393716 
229 0.011951212800000001 
230 0.012226405200000002 
231 0.012632641600000001 
232 0.012095361199999998 
233 0.0120167348 
234 0.0102345364 
235 0.0096448384 
236 0.0082033544 
237 0.0067356616 
238 0.0058445623999999995 
239 0.0046389576 
240 0.0040230508 
241 0.0027781328 
242 0.0022670612 
243 0.0016904676 
244 0.0013235444 
245 0.001179396 
246 0.0011662915999999998 
247 0.0013628575999999999 
248 0.0013235444 
249 0.0015856323999999997 
250 0.0016511543999999999 
251 0.001375962 
252 0.0015987368 
253 0.001441484 
254 0.0015201104 
255 0.0016118412000000002 
256 0.0015201104 
257 0.0013235444 
258 0.0015201104 
259 0.0014939016 
260 0.0021098083999999996 
261 0.0022801656000000004 
262 0.00196566 
263 0.002031182 
264 0.002031182 
265 0.0020704952 
266 0.0020573908 
267 0.0025553579999999998 
268 0.0024374184 
269 0.0021098084 
270 0.001703572 
271 0.002096704 
272 0.0019132424 
273 0.0017953028 
274 0.0017166764 
275 0.0016511544000000003 
276 0.0016380500000000003 
277 0.0015201104000000002 
278 0.0012711267999999999 
279 0.0014414840000000003 
280 0.0014152752 
281 0.001375962 
282 0.001375962 
283 0.0010745607999999999 
284 0.0013104400000000002 
285 0.0013628576 
286 0.0014414840000000003 
287 0.0015201104000000002 
288 0.0016380500000000003 
289 0.0017821984000000002 
290 0.0019525556000000001 
291 0.00196566 
292 0.0020049732000000002 
293 0.0019525555999999997 
294 0.0017559895999999999 
295 0.0017166764 
296 0.00131044 
297 0.0012187092 
298 0.0010221432 
299 0.0009042036 
300 0.0009042036 
301 0.0008124728 
302 0.0008124728 
303 0.0005372804 
304 0.0005372804 
305 0.0005372803999999999 
306 0.0003538188 
307 0.0003800276 
308 0.00034071439999999996 
309 0.00034071439999999996 
310 0.00032761 
311 0.00039313200000000003 
312 0.00038002760000000005 
313 0.000524176 
314 0.000524176 
315 0.00039313200000000003 
316 0.0005372804 
317 0.0008648904 
318 0.0009042036 
319 0.0017559895999999999 
320 0.001507006 
321 0.0010221432000000002 
322 0.001179396 
323 0.001179396 
324 0.0008124728000000001 
325 0.0013890664 
326 0.0015856323999999997 
327 0.0008124728000000001 
328 0.0006421156 
329 0.00039313200000000003 
330 0.00032761 
331 0.0002882968 
332 0.0002882968 
333 0.00024898359999999997 
334 0.0002751924 
335 0.000262088 
336 0.0002751924 
337 0.0002751924 
338 0.0004979672 
339 0.00043244520000000007 
340 0.0006421156 
341 0.000589698 
342 0.00043244519999999996 
343 0.0004979672 
344 0.0005634892 
345 0.0004717584 
346 0.00065522 
347 0.0007338464 
348 0.000589698 
349 0.0005503848000000001 
350 0.000458654 
351 0.00039313200000000003 
352 0.0004717584 
353 0.0006683244000000001 
354 0.0008124728 
355 0.0008124728 
356 0.0007076376000000001 
357 0.0006945332000000001 
358 0.00048486279999999997 
359 0.0006945332000000001 
360 0.0007076376000000001 
361 0.00048486279999999997 
362 0.000524176 
363 0.0007076376000000001 
364 0.0006552200000000001 
365 0.00048486279999999997 
366 0.0004979671999999999 
367 0.00048486279999999997 
368 0.000262088 
369 0.0002751924 
370 0.0002489836 
371 0.0002227748 
372 0.0002751924 
373 0.00032761 
374 0.00045865400000000007 
375 0.0005503848000000001 
376 0.00038002760000000005 
377 0.000262088 
378 0.00015725279999999998 
379 0.00018346159999999999 
380 0.00031450559999999996 
381 0.00018346159999999999 
382 0.0003800276 
383 0.00065522 
384 0.0003538188 
385 0.0005372803999999999 
386 0.0009173080000000001 
387 0.001507006 
388 0.0011662916 
389 0.0013235443999999998 
390 0.0011662916 
391 0.0013628576 
392 0.00098283 
393 0.0009566212 
394 0.0016904676 
395 0.002162226 
396 0.0013890663999999997 
397 0.0007731596 
398 0.0008124728 
399 0.0007076376000000001 
400 0.0009173080000000001 
401 0.0012842312000000001 
402 0.0010614564 
403 0.00065522 
404 0.0006421156000000001 
405 0.00039313200000000003 
406 0.0003538188 
407 0.0002227748 
408 0.0002751924 
409 0.00024898359999999997 
410 0.00044554960000000004 
411 0.000524176 
412 0.0008648904 
413 0.0010876651999999999 
414 0.0015987368 
415 0.0016511543999999999 
416 0.0014807972000000001 
417 0.0017166764 
418 0.0011925004 
419 0.0012842312000000001 
420 0.0014939016 
421 0.0014283796 
422 0.002162226 
423 0.0025946712 
424 0.0027650284 
425 0.00163805 
426 0.0016511543999999999 
427 0.0013890664 
428 0.0022670612 
429 0.0025291491999999997 
430 0.004049259600000001 
431 0.004848628 
432 0.0066701396 
433 0.004927254400000001 
434 0.003014012 
435 0.0023456876 
436 0.0017166764 
437 0.001113874 
438 0.0008648904 
439 0.0013890663999999997 
440 0.001507006 
441 0.0027650284 
442 0.0034857704 
443 0.0060149196 
444 0.006355634 
445 0.0136023672 
446 0.020835996000000002 
447 0.023876216800000002 
448 0.0384876228 
449 0.04752965880000001 
450 0.0372951224 
451 0.0582621624 
452 0.0823480496 
453 0.0801727192 
454 0.0499408684 
455 0.0690077704 
456 0.07403986000000001 
457 0.044253558799999995 
458 0.0338355608 
459 0.0181626984 
460 0.012894729600000002 
461 0.010549042 
462 0.0054907435999999995 
463 0.0067618704 
464 0.0088716788 
465 0.0047962104000000005 
466 0.0030009076 
467 0.002227748 
468 0.0015987367999999997 
469 0.0009697256 
470 0.0012318136000000002 
471 0.0010221432000000002 
472 0.0013235443999999998 
473 0.0016511543999999999 
474 0.0013628576 
475 0.0008910992 
476 0.0004979671999999999 
477 0.00038002760000000005 
478 0.00022277480000000002 
479 0.0003407144 
480 0.0005372803999999999 
481 0.00044554960000000004 
482 0.0002751924 
483 0.00039313200000000003 
484 0.00022277480000000002 
485 0.00022277480000000002 
486 0.0002489836 
487 0.0002751924 
488 0.0003407144 
489 0.00039313200000000003 
490 0.00043244520000000007 
491 0.0008124728 
492 0.0008779948 
493 0.0007469508000000001 
494 0.0008386816 
495 0.0006552200000000001 
496 0.00048486279999999997 
497 0.0003407144 
498 0.0003538188 
499 0.0004717584 
500 0.0004979671999999999 
501 0.0006421156 
502 0.000589698 
503 0.000589698 
504 0.0006421156 
505 0.0007076376000000001 
506 0.0007993684000000001 
507 0.0010876652 
508 0.0012842312000000001 
509 0.0014283796 
510 0.0017166764 
511 0.0014939016 
512 0.0014807972 
513 0.0013235444 
514 0.001179396 
515 0.001179396 
516 0.0010614564 
517 0.0007731596 
518 0.0007076376000000001 
519 0.0007076376000000001 
520 0.001048352 
521 0.0010614564 
522 0.0015332147999999998 
523 0.0015332147999999998 
524 0.001703572 
525 0.0017166764 
526 0.0015463191999999998 
527 0.0015856323999999997 
528 0.0017559895999999999 
529 0.0017953028000000002 
530 0.00196566 
531 0.0017953028000000002 
532 0.0020704952 
533 0.0015332148000000002 
534 0.0011925004 
535 0.0007076376000000001 
536 0.0008648904 
537 0.0011793959999999999 
538 0.0011793959999999999 
539 0.0013890664 
540 0.0016380500000000003 
541 0.0017953028000000002 
542 0.0022408524 
543 0.0024767316 
544 0.0022801656 
545 0.0020049732000000002 
546 0.0017953028000000002 
547 0.0015463191999999998 
548 0.0017821984000000002 
549 0.0015332147999999998 
550 0.0013890664 
551 0.0011662916 
552 0.0010614564 
553 0.0007731596 
554 0.0007731596 
555 0.0008648904 
556 0.0010614564 
557 0.001179396 
558 0.0014021708 
559 0.0015463191999999998 
560 0.0015463191999999998 
561 0.0015332147999999998 
562 0.001703572 
563 0.0019132423999999998 
564 0.0019132423999999998 
565 0.0021753303999999998 
566 0.0021753303999999998 
567 0.0022015392000000003 
568 0.0020049732000000002 
569 0.0020704952 
570 0.0018084072 
571 0.0017166764 
572 0.0016511543999999999 
573 0.0016118412 
574 0.0015856324 
575 0.0013104400000000002 
576 0.0013104400000000002 
577 0.0013366488000000002 
578 0.0015987368 
579 0.0015987368 
580 0.0016118412 
581 0.0019525556 
582 0.0019918687999999998 
583 0.0019918687999999998 
584 0.0017559895999999999 
585 0.0019132424 
586 0.002031182 
587 0.0021753303999999998 
588 0.0021753303999999998 
589 0.0021753303999999998 
590 0.002424314 
591 0.0028698635999999996 
592 0.0028960724 
593 0.0020704952 
594 0.0022670612 
595 0.002424314 
596 0.0027519239999999998 
597 0.0031581604000000003 
598 0.0037085452 
599 0.0035381880000000003 
600 0.003996842 
601 0.0044030784 
602 0.0049665676 
603 0.0046782708 
604 0.005359699599999999 
605 0.0046389576 
606 0.0042065124 
607 0.003996842 
608 0.003996842 
609 0.0034333528 
610 0.0034202484 
611 0.0034333528 
612 0.0028960724 
613 0.0034202484 
614 0.0034333528 
615 0.0029091768 
616 0.0029484900000000002 
617 0.0029484900000000002 
618 0.003014012 
619 0.0026601931999999996 
620 0.0027519239999999998 
621 0.0023063744 
622 0.0023063744 
623 0.0023063744 
624 0.0022146436 
625 0.0025422535999999997 
626 0.0024374184 
627 0.0024374184 
628 0.0025422535999999997 
629 0.0028960724 
630 0.0029484900000000002 
631 0.003472666 
632 0.0036299187999999996 
633 0.0036299187999999996 
634 0.0026339844 
635 0.0023063744 
636 0.0020573908 
637 0.0016118412 
638 0.0015987368 
639 0.0016511543999999999 
640 0.0017559895999999999 
641 0.0022146436 
642 0.0026601931999999996 
643 0.0025553579999999998 
644 0.0024374184 
645 0.0020049732 
646 0.0020049732 
647 0.0019525556 
648 0.0019525556 
649 0.0023850008 
650 0.0025422535999999997 
651 0.0029878032000000003 
652 0.0031057428 
653 0.0029878032000000003 
654 0.0033940395999999995 
655 0.0034857703999999997 
656 0.0033940395999999995 
657 0.0034857703999999997 
658 0.0036037099999999996 
659 0.0036037099999999996 
660 0.003014012 
661 0.0025946712 
662 0.0023850008 
663 0.0024505227999999995 
664 0.0023850008 
665 0.0023456875999999997 
666 0.0020180776 
667 0.0024374184 
668 0.002424314 
669 0.0029091768 
670 0.0030533252 
671 0.0029484900000000002 
672 0.0032498912000000005 
673 0.0028043415999999995 
674 0.0028305504000000004 
675 0.003918215599999999 
676 0.005071402799999999 
677 0.004835523600000001 
678 0.0054645348 
679 0.0044817048 
680 0.0050582984 
681 0.00393132 
682 0.0036823364000000006 
683 0.0027650284 
684 0.0034202484 
685 0.0038526936 
686 0.0034857703999999997 
687 0.0043768696 
688 0.0044292872 
689 0.0050976116 
690 0.006840496800000001 
691 0.007141898000000001 
692 0.0063294252 
693 0.0058445623999999995 
694 0.0051500292000000005 
695 0.00425893 
696 0.0032892043999999997 
697 0.0023850008000000002 
698 0.0012973356000000001 
699 0.000851786 
700 0.0004979672 
701 0.0002751924 
702 0.00018346159999999999 
703 7.862639999999999e-5 
704 0.0001179396 
705 0.0003800276 
706 0.00034071439999999996 
707 0.00044554960000000004 
708 0.0006945332000000001 
709 0.000851786 
710 0.000851786 
711 0.001048352 
712 0.0010614564 
713 0.0010614564 
714 0.001048352 
715 0.001048352 
716 0.0010614564 
717 0.0009697256 
718 0.0007600552 
719 0.0006945332000000001 
720 0.0006945332000000001 
721 0.0007076376000000001 
722 0.0007076376000000001 
723 0.0009697256 
724 0.0009697256 
725 0.0010090388 
726 0.0010090388 
727 0.0010614564 
728 0.0010614564 
729 0.0010614564 
730 0.0012842312 
731 0.0012842312 
732 0.0012842312 
733 0.0012842312 
734 0.0012842312 
735 0.0012842312 
736 0.0012842312 
737 0.0010614564 
738 0.001048352 
739 0.0009566212 
740 0.001048352 
741 0.000851786 
742 0.0007600552 
743 0.0007600552 
744 0.000589698 
745 0.0006028024000000001 
746 0.00039313200000000003 
747 0.00039313200000000003 
748 0.0002751924 
749 0.00018346159999999999 
750 0.0001703572 
751 6.5522e-5 
752 3.9313199999999995e-5 
753 0.0001703572 
754 0.0002358792 
755 0.0001441484 
756 0.00034071439999999996 
757 0.0005634892 
758 0.0009697256 
759 0.0015987368 
760 0.0021098084000000005 
761 0.0025553579999999998 
762 0.0022670612 
763 0.0029484900000000002 
764 0.0034857704 
765 0.004848628 
766 0.006473573599999999 
767 0.0069977495999999995 
768 0.0084654424 
769 0.007993684000000001 
770 0.008884783200000001 
771 0.0076922828 
772 0.008989618399999998 
773 0.0090813492 
774 0.006722557200000001 
775 0.0062114855999999994 
776 0.0044686004 
777 0.004638957599999999 
778 0.0036168144000000004 
779 0.0025684624 
780 0.002686402 
781 0.0022670612 
782 0.0028305504000000004 
783 0.0030664296 
784 0.0031581604000000003 
785 0.0022670612 
786 0.0015987368 
787 0.0009697256 
788 0.0015987368 
789 0.001375962 
790 0.0019918688 
791 0.0023456876 
792 0.0017166764 
793 0.0011269784 
794 0.0013235444 
795 0.0016773632 
796 0.0009566212 
797 0.0006945332 
798 0.00098283 
799 0.0008779948 
800 0.00045865400000000007 
801 0.0005372804 
802 0.000589698 
803 0.0005634892 
804 0.0007338463999999999 
805 0.0007993684000000001 
806 0.0008779948 
807 0.0009435168 
808 0.0010221432000000002 
809 0.0006945332000000001 
810 0.0008124728 
811 0.0006028024000000001 
812 0.0011662916 
813 0.0007993684000000001 
814 0.0008648904 
815 0.0007731596 
816 0.0006814288 
817 0.00032761 
818 0.00022277480000000002 
819 0.00024898359999999997 
820 0.0004717584 
821 0.0006683244000000001 
822 0.0005372804 
823 0.0005372804 
824 0.0008124728000000001 
825 0.0006945332000000001 
826 0.0006945332000000001 
827 0.0006814288 
828 0.0007993684000000001 
829 0.0006814288 
830 0.000851786 
831 0.000851786 
832 0.000851786 
833 0.0006814288 
834 0.0005372804 
835 0.00044554960000000004 
836 0.00032761 
837 0.0001703572 
838 7.86264e-5 
839 2.62088e-5 
840 1.31044e-5 
841 0.0001179396 
842 0.0003800276 
843 0.00024898359999999997 
844 0.00024898359999999997 
845 0.0007338464 
846 0.0009566212 
847 0.0007993684000000001 
848 0.00098283 
849 0.0017559895999999999 
850 0.0016773632 
851 0.0014807972 
852 0.0020049732000000002 
853 0.0032105780000000004 
854 0.0029091768 
855 0.0029615944 
856 0.00393132 
857 0.0048355236 
858 0.0047962104000000005 
859 0.003472666 
860 0.0026732976000000005 
861 0.0037347540000000003 
862 0.0031581604 
863 0.002162226 
864 0.0028567592 
865 0.0038789024 
866 0.0047306884 
867 0.004665166399999999 
868 0.006132859199999999 
869 0.0067618704 
870 0.006748766 
871 0.0078233268 
872 0.0067356616 
873 0.007338464 
874 0.0069977495999999995 
875 0.005726622800000001 
876 0.005307282 
877 0.0059493976 
878 0.0045472268 
879 0.0035250836 
880 0.003996842 
881 0.004062364 
882 0.0027781328000000003 
883 0.0023325831999999997 
884 0.0028043416 
885 0.0043244519999999995 
886 0.005516952399999999 
887 0.0062507987999999995 
888 0.008255772 
889 0.0072598376 
890 0.0074826124 
891 0.009159975599999998 
892 0.0105621464 
893 0.009697256 
894 0.009055140399999998 
895 0.010339371600000001 
896 0.0096055252 
897 0.007561238800000001 
898 0.0074826124 
899 0.008255772 
900 0.006945332000000001 
901 0.005516952399999999 
902 0.0062507987999999995 
903 0.0066701396 
904 0.0049534632 
905 0.0036823364 
906 0.0045472268 
907 0.004455496 
908 0.0028960724 
909 0.0028960724 
910 0.0037740672 
911 0.0032498912 
912 0.0022015392000000003 
913 0.0026601932 
914 0.0033940396 
915 0.0024374184 
916 0.0012580223999999998 
917 0.0011662916 
918 0.0015987367999999997 
919 0.0007076376 
920 0.0007993684000000001 
921 0.0005372804 
922 0.0004193408 
923 0.0005503848000000001 
924 0.000589698 
925 0.0005634892 
926 0.0005372803999999999 
927 0.00065522 
928 0.0007993684000000001 
929 0.0007076376000000001 
930 0.0007731596 
931 0.0008517860000000001 
932 0.0009959343999999999 
933 0.0009566212 
934 0.0009566212 
935 0.0012973356000000001 
936 0.0011269784 
937 0.0011269784 
938 0.0011269784 
939 0.0011269784 
940 0.0009697256 
941 0.0009697256 
942 0.0009697256 
943 0.0011662916 
944 0.001179396 
945 0.001179396 
946 0.001048352 
947 0.0007600552 
948 0.0007731596 
949 0.000851786 
950 0.0007731596 
951 0.0007600552 
952 0.0007076376000000001 
953 0.0005372804 
954 0.0006945332000000001 
955 0.0006552200000000001 
956 0.00048486279999999997 
957 0.00048486279999999997 
958 0.00048486279999999997 
959 0.0004979671999999999 
960 0.0006683244000000001 
961 0.0007076376000000001 
962 0.0006945332000000001 
963 0.0006683244000000001 
964 0.0009042036 
965 0.0012318135999999998 
966 0.0009697256 
967 0.0009697256 
968 0.0012842312 
969 0.0012842312 
970 0.0010614564 
971 0.0010614564 
972 0.0014021708 
973 0.001179396 
974 0.001179396 
975 0.0014021708 
976 0.0014021708 
977 0.001179396 
978 0.001179396 
979 0.0014021708 
980 0.0013235444 
981 0.0013235444 
982 0.001179396 
983 0.001179396 
984 0.0011269784 
985 0.00098283 
986 0.0008648904 
987 0.00098283 
988 0.0008124728000000001 
989 0.0006945332000000001 
990 0.0006028024000000001 
991 0.0005503848000000001 
992 0.0003800276 
993 0.000262088 
994 0.0001834616 
995 0.00015725279999999998 
996 3.9313199999999995e-5 
997 1.31044e-5 
998 1.31044e-5 
999 7.86264e-5 
1000 0.0001441484 
1001 0.0001834616 
1002 0.0002751924 
1003 0.0005372804 
1004 0.0006945332000000001 
1005 0.0006552200000000001 
1006 0.0008648904 
1007 0.0013235444 
1008 0.0016904676 
1009 0.0014939016 
1010 0.0013235444 
1011 0.0006945332000000001 
1012 0.0006028024000000001 
1013 0.0002751924 
1014 0.000458654 
1015 0.000589698 
1016 0.00044554960000000004 
1017 0.0008648904 
1018 0.0013235444 
1019 0.0017559895999999997 
1020 0.002227748 
1021 0.0021098083999999996 
1022 0.0016380500000000003 
1023 0.002424314 
1024 0.002031182 
1025 0.0017297808000000003 
1026 0.0017297808000000003 
1027 0.0008779948 
1028 0.0009042036000000001 
1029 0.0004979672 
1030 0.00032761 
1031 0.0002358792 
1032 0.00018346159999999999 
1033 0.0001441484 
1034 0.0002358792 
1035 0.0005372804 
1036 0.0006945332 
1037 0.0015856323999999997 
1038 0.001834616 
1039 0.0028043415999999995 
1040 0.0029091768 
1041 0.0034595616 
1042 0.0036299188 
1043 0.0046651664 
1044 0.005726622800000001 
1045 0.0069977495999999995 
1046 0.0062507987999999995 
1047 0.0070632716 
1048 0.0058838756 
1049 0.0054907436 
1050 0.005058298399999999 
1051 0.0036823364 
1052 0.0025422536 
1053 0.0016380500000000003 
1054 0.0022670612 
1055 0.003014012 
1056 0.0031057428 
1057 0.004206512399999999 
1058 0.0039051112 
1059 0.0023325831999999997 
1060 0.0022408524 
1061 0.00196566 
1062 0.0024112096000000003 
1063 0.0024112096000000003 
1064 0.0028043416 
1065 0.0027388196 
1066 0.0029091768 
1067 0.0031057428 
1068 0.0031581604000000003 
1069 0.0036430232 
1070 0.004861732400000001 
1071 0.0060411284 
1072 0.0082426676 
1073 0.008675112799999999 
1074 0.0088192612 
1075 0.008570277599999999 
1076 0.006421156000000001 
1077 0.0062901120000000005 
1078 0.005045193999999999 
1079 0.005045193999999999 
1080 0.0040099464 
1081 0.003014012 
1082 0.0031581604000000003 
1083 0.0052024468 
1084 0.0059100844 
1085 0.006945332 
1086 0.006945332 
1087 0.0078233268 
1088 0.0078233268 
1089 0.006408051600000001 
1090 0.006761870400000001 
1091 0.006185276799999999 
1092 0.006473573599999999 
1093 0.0051500292000000005 
1094 0.004062364 
1095 0.0031974736000000004 
1096 0.0026470888 
1097 0.0016904676 
1098 0.0009435168 
1099 0.001179396 
1100 0.0012318135999999998 
1101 0.0006028024 
1102 0.00039313200000000003 
1103 0.000589698 
1104 0.0009173080000000001 
1105 0.0018215115999999998 
1106 0.0020573908 
1107 0.0032105780000000004 
1108 0.0040492596 
1109 0.005097611599999999 
1110 0.006185276800000001 
1111 0.006408051600000001 
1112 0.008255772 
1113 0.0090289316 
1114 0.011020800400000001 
1115 0.0118070644 
1116 0.013156817599999999 
1117 0.0153845656 
1118 0.0168129452 
1119 0.01605289 
1120 0.017887506 
1121 0.0215436336 
1122 0.0118725864 
1123 0.007102584800000001 
1124 0.0037085452 
1125 0.003014012 
1126 0.0019132423999999998 
1127 0.0021753303999999998 
1128 0.002227748 
1129 0.0010614564 
1130 0.0010090388000000001 
1131 0.0016511543999999999 
1132 0.0012318135999999998 
1133 0.0017166764 
1134 0.0018477203999999999 
1135 0.0017166764 
1136 0.001375962 
1137 0.0018084072 
1138 0.0016380500000000003 
1139 0.0020704952 
1140 0.0025422536 
1141 0.0030664296 
1142 0.0031057428 
1143 0.0035250836 
1144 0.0031712648 
1145 0.0033940395999999995 
1146 0.0030664295999999996 
1147 0.003800276 
1148 0.0026995064 
1149 0.0022539568 
1150 0.002031182 
1151 0.0017428851999999999 
1152 0.0030009076000000003 
1153 0.0030664296 
1154 0.0036692320000000006 
1155 0.0035775012000000004 
1156 0.0040099464 
1157 0.0036823364000000006 
1158 0.0069846452 
1159 0.0065128868 
1160 0.009369646000000002 
1161 0.0117153336 
1162 0.018909649199999996 
1163 0.025553579999999996 
1164 0.030480834400000004 
1165 0.0317257524 
1166 0.031489873200000004 
1167 0.022972013200000002 
1168 0.024190722399999996 
1169 0.028960723999999997 
1170 0.024125200400000005 
1171 0.0227623428 
1172 0.016996406800000006 
1173 0.018896544799999995 
1174 0.0116104984 
1175 0.015122477600000002 
1176 0.0160004724 
1177 0.0172453904 
1178 0.0137072024 
1179 0.010496624400000001 
1180 0.0088323656 
1181 0.00458654 
1182 0.0054121172 
1183 0.0033154131999999998 
1184 0.0019525555999999997 
1185 0.0016118412000000002 
1186 0.0007731596 
1187 0.0008124728000000001 
1188 0.0006683244000000001 
1189 0.0022146436 
1190 0.0031057428 
1191 0.0062114855999999994 
1192 0.0101297012 
1193 0.0157645932 
1194 0.0127636856 
1195 0.0147293456 
1196 0.0101690144 
1197 0.0113877236 
1198 0.008006788400000001 
1199 0.0059362932000000005 
1200 0.006761870399999999 
1201 0.0047175839999999995 
1202 0.005779040399999999 
1203 0.009356541599999999 
1204 0.014519675199999998 
1205 0.012907834 
1206 0.018044758799999998 
1207 0.015843219600000003 
1208 0.0128554164 
1209 0.0077709091999999995 
1210 0.0052548644 
1211 0.00622459 
1212 0.004232721200000001 
1213 0.006565304400000001 
1214 0.005687309600000001 
1215 0.0102345364 
1216 0.011715333599999999 
1217 0.020154567199999997 
1218 0.0274799268 
1219 0.025540475599999998 
1220 0.0173764344 
1221 0.0107587124 
1222 0.0106014596 
1223 0.0056873096 
1224 0.0059756064 
1225 0.0044292872 
1226 0.007666074 
1227 0.010234536399999999 
1228 0.0137727244 
1229 0.020311819999999998 
1230 0.021098083999999996 
1231 0.0280696248 
1232 0.0314636644 
1233 0.029039350399999997 
1234 0.022487150400000003 
1235 0.021189814799999998 
1236 0.024282453199999998 
1237 0.0185820392 
1238 0.0244921236 
1239 0.0267722892 
1240 0.03781929840000001 
1241 0.041213337999999995 
1242 0.038592458 
1243 0.0421830636 
1244 0.05098922040000001 
1245 0.039968420000000004 
1246 0.029117976799999997 
1247 0.030533252000000004 
1248 0.029117976800000004 
1249 0.0203511332 
1250 0.018215116000000003 
1251 0.021766408400000003 
1252 0.0182544292 
1253 0.0117808556 
1254 0.0082033544 
1255 0.00556937 
1256 0.0059231888000000005 
1257 0.011872586400000001 
1258 0.0159742636 
1259 0.0125015976 
1260 0.007941266399999999 
1261 0.006132859199999999 
1262 0.0028960724 
1263 0.0032498912000000005 
1264 0.006460469199999999 
1265 0.0072598376 
1266 0.011505663199999999 
1267 0.0128029988 
1268 0.020665638799999997 
1269 0.028620009600000003 
1270 0.034700451199999996 
1271 0.04543295480000001 
1272 0.0442535588 
1273 0.0623245264 
1274 0.0589960088 
1275 0.05258795720000001 
1276 0.057895239200000004 
1277 0.05503848 
1278 0.0379110292 
1279 0.0231816836 
1280 0.011086322400000001 
1281 0.005045193999999999 
1282 0.0044686004 
1283 0.0042458256 
1284 0.0014939016000000002 
1285 0.001375962 
1286 0.0001834616 
1287 0.0001048352 
1288 0.0001048352 
1289 0.0002227748 
1290 0.0006683244 
1291 0.0008124728 
1292 0.0017428851999999999 
1293 0.0009959344 
1294 0.0006814288 
1295 0.0002358792 
1296 0.0001179396 
1297 0.000131044 
1298 0.0001048352 
1299 0.0002227748 
1300 0.0003800276 
1301 0.0005634892 
1302 0.0027257152 
1303 0.0026995063999999997 
1304 0.0035381880000000003 
1305 0.0017559895999999997 
1306 0.0016511543999999999 
1307 0.0011662915999999998 
1308 0.0002358792 
1309 0.0012187092 
1310 0.001834616 
1311 0.000589698 
1312 2.62088e-5 
1313 0.0007731596 
1314 0.0012711267999999999 
1315 0.0017953028 
1316 0.0016511543999999999 
1317 0.0014283796000000002 
1318 0.000851786 
1319 0.0008386816 
1320 0.0006421156000000001 
1321 0.0007993684000000001 
1322 0.0009697256 
1323 0.00034071439999999996 
1324 0.0003407144 
1325 0.0001834616 
1326 0.0003800276 
1327 0.0005503848000000001 
1328 0.0015463191999999998 
1329 0.0031188471999999997 
1330 0.0039182156 
1331 0.0065259912 
1332 0.0082033544 
1333 0.006735661600000001 
1334 0.00950069 
1335 0.007967475199999999 
1336 0.012383658 
1337 0.0148210764 
1338 0.0199973144 
1339 0.0300614936 
1340 0.036037099999999996 
1341 0.03933940879999999 
1342 0.051015429200000004 
1343 0.062285213199999995 
1344 0.059703646400000004 
1345 0.045996444000000004 
1346 0.043008640800000005 
1347 0.0421830636 
1348 0.0375965236 
1349 0.0288427844 
1350 0.026483992399999996 
1351 0.026352948400000003 
1352 0.0179006104 
1353 0.011859482 
1354 0.005792144800000001 
1355 0.0066701396 
1356 0.010182118799999999 
1357 0.0159087416 
1358 0.009513794400000001 
1359 0.0061066504 
1360 0.0040099464000000005 
1361 0.0028043415999999995 
1362 0.0031974736000000004 
1363 0.0027650284 
1364 0.0031057428 
1365 0.0024767315999999996 
1366 0.0031712647999999994 
1367 0.0036823364 
1368 0.0038789024 
1369 0.0039837375999999996 
1370 0.0037347540000000003 
1371 0.0034857703999999997 
1372 0.0029746988 
1373 0.0029091768 
1374 0.0027388196 
1375 0.0028698636 
1376 0.0027388196 
1377 0.002358792 
1378 0.0022146436 
1379 0.002096704 
1380 0.002227748 
1381 0.0023718964 
1382 0.0029091768 
1383 0.0031712648 
1384 0.0037347540000000003 
1385 0.0036823364 
1386 0.0039837375999999996 
1387 0.0032892043999999997 
1388 0.0030664295999999996 
1389 0.0033285176 
1390 0.0036823364 
1391 0.004062364 
1392 0.0039968420000000004 
1393 0.0039182156 
1394 0.0033940395999999995 
1395 0.0036430232 
1396 0.0040099464 
1397 0.0034857703999999997 
1398 0.0033940395999999995 
1399 0.0033940395999999995 
1400 0.0037478584 
1401 0.0037478584 
1402 0.0039968420000000004 
1403 0.0037478584 
1404 0.0031712648 
1405 0.0032629956000000005 
1406 0.0030533252 
1407 0.0028960724 
1408 0.0026995064 
1409 0.0026995064 
1410 0.0031057428 
1411 0.0028698636 
1412 0.0025553579999999998 
1413 0.0029484900000000002 
1414 0.0025553579999999998 
1415 0.0025946712 
1416 0.00196566 
1417 0.0016511544000000003 
1418 0.0016511544000000003 
1419 0.0014021708 
1420 0.0011662916 
1421 0.0010614564 
1422 0.0007338464 
1423 0.0008910992000000001 
1424 0.0007469508 
1425 0.0009697256 
1426 0.0010614564 
1427 0.0022408524 
1428 0.0033809352 
1429 0.0031057428 
1430 0.0028436548 
1431 0.0023718963999999998 
1432 0.003210578 
1433 0.0029615944 
1434 0.0039575288 
1435 0.0036823364 
1436 0.0029615944 
1437 0.0033678308 
1438 0.0052941776 
1439 0.00425893 
1440 0.0054645348 
1441 0.003734754 
1442 0.0023718963999999998 
1443 0.0012711268 
1444 0.0008124728 
1445 0.0005503848000000001 
1446 0.000131044 
1447 0.00018346159999999999 
1448 0.0004455496 
1449 0.0010090388000000001 
1450 0.0010614564 
1451 0.0017166764 
1452 0.0015987368 
1453 0.00163805 
1454 0.0015987368 
1455 0.001507006 
1456 0.0019132424 
1457 0.002227748 
1458 0.0019525556000000001 
1459 0.0025160447999999997 
1460 0.0020049732000000002 
1461 0.0028305504000000004 
1462 0.003800276 
1463 0.003014012 
1464 0.0029091768 
1465 0.0041540948 
1466 0.0052155512 
1467 0.006368738400000001 
1468 0.006355634000000001 
1469 0.004848628 
1470 0.0051631336 
1471 0.003800276 
1472 0.00294849 
1473 0.0021098083999999996 
1474 0.0013366488 
1475 0.000917308 
1476 0.0005503848000000001 
1477 0.0006945332 
1478 0.0011662916 
1479 0.0014807972 
1480 0.0016904676 
1481 0.0014021708000000002 
1482 0.0013235444 
1483 0.0015856324000000002 
1484 0.001179396 
1485 0.0011531872 
1486 0.0010876652 
1487 0.0009697256 
1488 0.0008124728000000001 
1489 0.0009697256 
1490 0.0010090388000000001 
1491 0.0010090388000000001 
1492 0.0011269784 
1493 0.0008648904 
1494 0.0014939016 
1495 0.0012973356000000001 
1496 0.0019132423999999998 
1497 0.0020049732000000002 
1498 0.003210578 
1499 0.00425893 
1500 0.004835523600000001 
1501 0.0030664296 
1502 0.0031843691999999995 
1503 0.0030664296 
1504 0.002162226 
1505 0.0016118412000000002 
1506 0.0013235444 
1507 0.00098283 
1508 0.0018084072 
1509 0.002686402 
1510 0.0030533252 
1511 0.0030402208 
1512 0.0022146436 
1513 0.001179396 
1514 0.0013890664 
1515 0.0015463192000000003 
1516 0.0011007696 
1517 0.000458654 
1518 0.00032761 
1519 0.000458654 
1520 0.00032761 
1521 0.0002751924 
1522 0.0007076376000000001 
1523 0.000262088 
1524 0.0002227748 
1525 0.00032761 
1526 0.0006683244 
1527 0.0012842312000000001 
1528 0.0017297808 
1529 0.0023850008000000002 
1530 0.0032498912 
1531 0.0045079136 
1532 0.005687309599999999 
1533 0.0055824744 
1534 0.0069322276 
1535 0.0085964864 
1536 0.0069322276 
1537 0.0048879412 
1538 0.0060149196 
1539 0.006814288 
1540 0.008714426 
1541 0.0069322276 
1542 0.005045193999999999 
1543 0.0038133804 
1544 0.0021753303999999998 
1545 0.0017297808 
1546 0.0012842312000000001 
1547 0.0004979672 
1548 0.0005503848 
1549 0.0010745608 
1550 0.002424314 
1551 0.0027519239999999998 
1552 0.0037085452 
1553 0.006001815199999999 
1554 0.0052810732 
1555 0.0029091768 
1556 0.0016773632 
1557 0.0008124728000000001 
1558 0.00024898359999999997 
1559 2.62088e-5 
1560 0.0002227748 
1561 0.000131044 
1562 0.00039313200000000003 
1563 0.00098283 
1564 0.0003538188 
1565 0.0019132424 
1566 0.0030664295999999996 
1567 0.0032105780000000004 
1568 0.0019656599999999997 
1569 0.0019525556000000001 
1570 0.0036430232 
1571 0.0032760999999999997 
1572 0.0033285176000000002 
1573 0.0142313784 
1574 0.0331017144 
1575 0.06406741160000001 
1576 0.07156312840000001 
1577 0.087668436 
1578 0.1163146544 
1579 0.0852572264 
1580 0.05176238 
1581 0.0296028396 
1582 0.0132223396 
1583 0.0095137944 
1584 0.009933135199999998 
1585 0.003014012 
1586 0.0012973356000000001 
1587 0.0004979672 
1588 0.00098283 
1589 0.0012973356000000001 
1590 0.0023718963999999998 
1591 0.0038395892 
1592 0.0047831060000000005 
1593 0.0068273924 
1594 0.00851786 
1595 0.010758712399999999 
1596 0.009264810799999999 
1597 0.0095137944 
1598 0.008701321599999999 
1599 0.0066701396000000005 
1600 0.0060411284 
1601 0.0054776392 
1602 0.0040099464 
1603 0.0035906055999999995 
1604 0.0028960724 
1605 0.0021360171999999997 
1606 0.0017297808 
1607 0.0009566212 
1608 0.000917308 
1609 0.0005372803999999999 
1610 0.0005372803999999999 
1611 0.0002751924 
1612 0.00039313200000000003 
1613 0.0007469508000000001 
1614 0.0010090388 
1615 0.0011662915999999996 
1616 0.0011269783999999998 
1617 0.0011925004 
1618 0.0013235443999999998 
1619 0.001375962 
1620 0.0015201104 
1621 0.0018084072000000002 
1622 0.00163805 
1623 0.000851786 
1624 0.0004717584 
1625 0.0005372803999999999 
1626 0.0008517860000000001 
1627 0.0009697256 
1628 0.0013890664 
1629 0.0015725280000000001 
1630 0.0019132424 
1631 0.0021491216 
1632 0.0021098084 
1633 0.0017953028 
1634 0.0015201104000000002 
1635 0.0012711267999999999 
1636 0.0010614564 
1637 0.0009042036 
1638 0.0009697256 
1639 0.0008910992000000001 
1640 0.0009697256 
1641 0.0011007696 
1642 0.0010614564 
1643 0.0012842312 
1644 0.0015201104000000002 
1645 0.0018084072 
1646 0.0018084072 
1647 0.0019132424 
1648 0.0023063744 
1649 0.0023325831999999997 
1650 0.002424314 
1651 0.0024767315999999996 
1652 0.002031182 
1653 0.0017559896000000003 
1654 0.001507006 
1655 0.0012842312000000001 
1656 0.0010876652 
1657 0.0009697256 
1658 0.0011662916 
1659 0.0010614564 
1660 0.0010745608 
1661 0.0015463192000000003 
1662 0.0015725280000000001 
1663 0.0018477203999999999 
1664 0.0015201104000000002 
1665 0.0015201104000000002 
1666 0.0015332148000000002 
1667 0.0015725280000000001 
1668 0.0015725280000000001 
1669 0.0016380500000000003 
1670 0.0016380500000000003 
1671 0.0013890664 
1672 0.0012842312000000001 
1673 0.0014283796 
1674 0.0009959344 
1675 0.0011662916 
1676 0.0013366488 
1677 0.0015332148 
1678 0.0018215115999999998 
1679 0.0019001380000000002 
1680 0.0017559896000000003 
1681 0.0020049732 
1682 0.0018477203999999999 
1683 0.0021491216 
1684 0.0021098084 
1685 0.002096704 
1686 0.0024374184 
1687 0.0027912372000000003 
1688 0.0027912372000000003 
1689 0.0027912372000000003 
1690 0.0029091768 
1691 0.0028960724 
1692 0.0030533252 
1693 0.0032760999999999997 
1694 0.0034202484 
1695 0.0034202484 
1696 0.003800276 
1697 0.0044292872 
1698 0.0043113476 
1699 0.004848628000000001 
1700 0.0046389576 
1701 0.004848628000000001 
1702 0.004901045599999999 
1703 0.0042720344 
1704 0.0036954407999999998 
1705 0.0032892043999999997 
1706 0.0031188471999999997 
1707 0.003210578 
1708 0.0027388196 
1709 0.0026732976000000005 
1710 0.0030533252 
1711 0.0034595616 
1712 0.0035250836 
1713 0.0035250836 
1714 0.003210578 
1715 0.003210578 
1716 0.0036823363999999997 
1717 0.0035906055999999995 
1718 0.0035906055999999995 
1719 0.0036823363999999997 
1720 0.0032760999999999997 
1721 0.0028960724 
1722 0.0034857703999999997 
1723 0.0031057428 
1724 0.003800276 
1725 0.0032760999999999997 
1726 0.0031712648 
1727 0.0040361552 
1728 0.004442391600000001 
1729 0.005359699599999999 
1730 0.0051893424 
1731 0.0055300568 
1732 0.005267968799999999 
1733 0.0046651663999999985 
1734 0.0046651663999999985 
1735 0.005058298399999999 
1736 0.005058298399999999 
1737 0.004573435599999999 
1738 0.0039182156 
1739 0.0039182156 
1740 0.0034726659999999997 
1741 0.0030664295999999996 
1742 0.003014012 
1743 0.0030533252 
1744 0.0034595616 
1745 0.0035906055999999995 
1746 0.004114781600000001 
1747 0.004573435599999999 
1748 0.0044817048 
1749 0.004992776399999999 
1750 0.004468600399999999 
1751 0.004940358799999999 
1752 0.004507913599999999 
1753 0.004507913599999999 
1754 0.0036168144 
1755 0.0035643968 
1756 0.0030664295999999996 
1757 0.0026339844000000004 
1758 0.0030795339999999997 
1759 0.0026995064 
1760 0.0026339844000000004 
1761 0.0030533252 
1762 0.0030795339999999997 
1763 0.0031581604 
1764 0.0035775012 
1765 0.0030664295999999996 
1766 0.003014012 
1767 0.0034595616 
1768 0.0035250836 
1769 0.004049259600000001 
1770 0.0044161828 
1771 0.005058298399999999 
1772 0.0061066504 
1773 0.0078757444 
1774 0.007259837599999999 
1775 0.0095531076 
1776 0.010182118799999999 
1777 0.0123443448 
1778 0.0148210764 
1779 0.014021708 
1780 0.0127636856 
1781 0.009762778 
1782 0.007666074 
1783 0.009042036000000002 
1784 0.0075219256 
1785 0.005687309600000001 
1786 0.005058298399999999 
1787 0.0044817048 
1788 0.0044161828 
1789 0.0039182156 
1790 0.0039051112000000002 
1791 0.0035775012 
1792 0.0031712648 
1793 0.0033285176 
1794 0.0029484900000000002 
1795 0.0029484900000000002 
1796 0.0035381879999999994 
1797 0.003734754 
1798 0.0039182156 
1799 0.00425893 
1800 0.00393132 
1801 0.0045341224 
1802 0.0049927764 
1803 0.0063163208000000005 
1804 0.006342529599999999 
1805 0.006342529599999999 
1806 0.0052679688 
1807 0.0034857703999999997 
1808 0.002751924 
1809 0.002162226 
1810 0.001179396 
1811 0.0010090388000000001 
1812 0.00065522 
1813 0.0004979672 
1814 0.00039313200000000003 
1815 0.00038002760000000005 
1816 0.0006814288 
1817 0.0008124728000000001 
1818 0.0009697256 
1819 0.0014939016 
1820 0.0011269784 
1821 0.0015332147999999998 
1822 0.0013366488 
1823 0.0015332147999999998 
1824 0.0014283796 
1825 0.0016511543999999999 
1826 0.0020180776 
1827 0.0022670612 
1828 0.0018215116 
1829 0.0019525555999999997 
1830 0.0019525555999999997 
1831 0.0017297807999999998 
1832 0.0016904676 
1833 0.0019132423999999998 
1834 0.0016904676 
1835 0.0019132423999999998 
1836 0.0019132423999999998 
1837 0.0017166764 
1838 0.0017166764 
1839 0.0017166764 
1840 0.0017166764 
1841 0.0015332147999999998 
1842 0.0015332147999999998 
1843 0.0013890664 
1844 0.0015332147999999998 
1845 0.0015332147999999998 
1846 0.00131044 
1847 0.0015332147999999998 
1848 0.0015463191999999998 
1849 0.00131044 
1850 0.00131044 
1851 0.0013235444 
1852 0.0013235444 
1853 0.0012973356000000001 
1854 0.0014939016 
1855 0.0014939016 
1856 0.0012973356000000001 
1857 0.0012973356000000001 
1858 0.0014939016 
1859 0.0014939016 
1860 0.0014939016 
1861 0.0012973356000000001 
1862 0.0015332147999999998 
1863 0.0013235444 
1864 0.0013235444 
1865 0.0013628575999999999 
1866 0.0015856323999999997 
1867 0.0011007696 
1868 0.0012187092 
1869 0.0012842312000000001 
1870 0.0012973356 
1871 0.0010090388 
1872 0.0010745608 
1873 0.0013890664 
1874 0.0012842312 
1875 0.001048352 
1876 0.0010614564 
1877 0.0013890664 
1878 0.0016904676000000002 
1879 0.001375962 
1880 0.002031182 
1881 0.0025946712000000003 
1882 0.0032629955999999996 
1883 0.0037478584 
1884 0.0037478584 
1885 0.0043506608 
1886 0.0038526936 
1887 0.005176238 
1888 0.00556937 
1889 0.0044817048 
1890 0.0033940395999999995 
1891 0.0026339844 
1892 0.0019132424 
1893 0.0012318136 
1894 0.001179396 
1895 0.0011662916 
1896 0.0021098083999999996 
1897 0.0020704952 
1898 0.0032629956000000005 
1899 0.0033678308 
1900 0.0024767315999999996 
1901 0.0032236824000000004 
1902 0.0044686004 
1903 0.0056742052 
1904 0.006840496800000001 
1905 0.0083475028 
1906 0.007875744399999999 
1907 0.008439233599999998 
1908 0.0062507987999999995 
1909 0.0056086832 
1910 0.0044030784 
1911 0.003800276 
1912 0.0042327212 
1913 0.0031843692 
1914 0.0036823364000000006 
1915 0.0048355236 
1916 0.00458654 
1917 0.0037347540000000003 
1918 0.0039575288 
1919 0.00556937 
1920 0.0049927764 
1921 0.004311347599999999 
1922 0.0045472268 
1923 0.0035906056 
1924 0.0033154132 
1925 0.003014012 
1926 0.0029484900000000002 
1927 0.0026995064 
1928 0.0030009076 
1929 0.0030664295999999996 
1930 0.0036430232 
1931 0.0033285176 
1932 0.0030009076 
1933 0.0029615944 
1934 0.0029615944 
1935 0.0032498912000000005 
1936 0.0032105780000000004 
1937 0.0035250836000000002 
1938 0.0029615944 
1939 0.0027257152 
1940 0.00294849 
1941 0.002424314 
1942 0.0026470888 
1943 0.0023718964 
1944 0.0021491216 
1945 0.0021491216 
1946 0.0023850008000000002 
1947 0.002162226 
1948 0.0024243140000000003 
1949 0.0024243140000000003 
1950 0.0024243140000000003 
1951 0.002162226 
1952 0.0021753303999999998 
1953 0.0021753303999999998 
1954 0.0024243140000000003 
1955 0.0022670612 
1956 0.0019001380000000002 
1957 0.002424314 
1958 0.0020049732 
1959 0.0019132424 
1960 0.0022670612 
1961 0.0031581604000000003 
1962 0.0034202484000000004 
1963 0.0042458256 
1964 0.0035906056 
1965 0.0029091768 
1966 0.0032629956000000005 
1967 0.003800276 
1968 0.0025422536 
1969 0.002358792 
1970 0.0028698636 
1971 0.0029353855999999998 
1972 0.0019001380000000002 
1973 0.001834616 
1974 0.0024374184 
1975 0.002031182 
1976 0.0013235444 
1977 0.0015201104 
1978 0.0019525556000000001 
1979 0.0019525556000000001 
1980 0.0010090388000000001 
1981 0.0009173080000000001 
1982 0.0019132424 
1983 0.0019525556000000001 
1984 0.001441484 
1985 0.0018215115999999998 
1986 0.0028567591999999996 
1987 0.0031188471999999997 
1988 0.003014012 
1989 0.0029746988 
1990 0.0031188471999999997 
1991 0.0024767316000000004 
1992 0.0018084072000000002 
1993 0.0014152752 
1994 0.0008648904 
1995 0.0012187092 
1996 0.0009173080000000001 
1997 0.0003800276 
1998 0.000589698 
1999 0.0007076376000000001 
2000 0.000262088 
2001 0.0001703572 
2002 0.0006814288 
2003 0.0005372804 
2004 0.0002751924 
2005 0.0006421156000000001 
2006 0.000458654 
2007 0.0008124728000000001 
2008 0.0006945332000000001 
2009 0.0006814288 
2010 0.00024898359999999997 
2011 0.0001441484 
2012 0.000262088 
2013 0.0001441484 
2014 0.0 
2015 0.0001179396 
2016 0.0002751924 
2017 0.00024898359999999997 
2018 0.0001834616 
2019 0.0006421156 
2020 0.0009042036 
2021 0.0006683244000000001 
2022 0.0007338464 
2023 0.001507006 
2024 0.0019525555999999997 
2025 0.0014939016 
2026 0.0018215116 
2027 0.0027650284 
2028 0.0026995064 
2029 0.0026732976000000005 
2030 0.0034071440000000004 
2031 0.0042196168 
2032 0.0035775012000000004 
2033 0.0035906056 
2034 0.0053465952 
2035 0.0056873096 
2036 0.0049927764 
2037 0.004652062 
2038 0.004062364 
2039 0.0033285176 
2040 0.0030009076 
2041 0.0031057428 
2042 0.0022801656 
2043 0.0024243140000000003 
2044 0.0033154132 
2045 0.0027781328000000003 
2046 0.0022015392000000003 
2047 0.0027650284 
2048 0.0030009076 
2049 0.0024767316 
2050 0.0022015392000000003 
2051 0.0026995064 
2052 0.0024767316 
2053 0.0022015392000000003 
2054 0.0022015392000000003 
2055 0.0024767316 
2056 0.0024767316 
2057 0.0022015392000000003 
2058 0.0022015392000000003 
2059 0.0024767316 
2060 0.0020049732000000002 
2061 0.0020049732000000002 
2062 0.0020049732000000002 
2063 0.0020049732000000002 
2064 0.001834616 
2065 0.001834616 
2066 0.0015856323999999997 
2067 0.0015856323999999997 
2068 0.0014414839999999998 
2069 0.0015856323999999997 
2070 0.001834616 
2071 0.0015463191999999998 
2072 0.0015463191999999998 
2073 0.0015332147999999998 
2074 0.0014021708 
2075 0.0014021708 
2076 0.0013890664 
2077 0.001048352 
2078 0.0009566212 
2079 0.0009566212 
2080 0.0009697256 
2081 0.0012842312 
2082 0.0009566212 
2083 0.0009697256 
2084 0.0014021708 
2085 0.0014021708 
2086 0.0014021708 
2087 0.0014021708 
2088 0.0015463191999999998 
2089 0.0015463191999999998 
2090 0.0015463191999999998 
2091 0.0017953028000000002 
2092 0.0015463191999999998 
2093 0.0015463191999999998 
2094 0.001834616 
2095 0.00196566 
2096 0.0017166764 
2097 0.0015463191999999998 
2098 0.00196566 
2099 0.0017166764 
2100 0.0015463191999999998 
2101 0.0017953028000000002 
2102 0.00196566 
2103 0.0017166764 
2104 0.0015463191999999998 
2105 0.0015463191999999998 
2106 0.0017166764 
2107 0.0013235444 
2108 0.0013235444 
2109 0.0015463191999999998 
2110 0.0011269784 
2111 0.00098283 
2112 0.00098283 
2113 0.0011269784 
2114 0.0008517860000000001 
2115 0.0005503848000000001 
2116 0.0008124728000000001 
2117 0.0007338464 
2118 0.0004979672 
2119 0.00034071439999999996 
2120 0.0006421156000000001 
2121 0.0006028024 
2122 0.00018346159999999999 
2123 0.0002751924 
2124 0.00044554960000000004 
2125 0.0003800276 
2126 0.00015725279999999998 
2127 0.0001703572 
2128 0.000458654 
2129 0.0006290111999999999 
2130 0.0003800276 
2131 0.0001703572 
2132 2.62088e-5 
2133 0.0001441484 
2134 7.86264e-5 
2135 0.0002882968 
2136 0.00039313200000000003 
2137 0.000131044 
2138 0.0001703572 
2139 0.00039313200000000003 
2140 0.000524176 
2141 0.000458654 
2142 0.00015725279999999998 
2143 1.31044e-5 
2144 2.62088e-5 
2145 0.0001703572 
2146 0.000458654 
2147 0.0011007696 
2148 0.0013235443999999998 
2149 0.0021229128 
2150 0.002424314 
2151 0.0028567592 
2152 0.0029353856 
2153 0.002162226 
2154 0.0016511543999999999 
2155 0.001507006 
2156 0.0016511543999999999 
2157 0.0010876652 
2158 0.0010221432 
2159 0.0005503848000000001 
2160 0.00034071439999999996 
2161 0.000131044 
2162 0.000131044 
2163 0.000458654 
2164 0.00065522 
2165 0.0010876652 
2166 0.0015201104 
2167 0.0019263468 
2168 0.0025422535999999997 
2169 0.0038395892 
2170 0.0042065124 
2171 0.005582474400000001 
2172 0.005110716 
2173 0.0060542328 
2174 0.006159068 
2175 0.0071681068 
2176 0.008714425999999999 
2177 0.010417998000000001 
2178 0.0112304708 
2179 0.013169922 
2180 0.0139168728 
2181 0.012449179999999999 
2182 0.009671047200000001 
2183 0.0082426676 
2184 0.006722557200000001 
2185 0.0047568972000000005 
2186 0.004625853199999999 
2187 0.0030664296 
2188 0.0027519239999999998 
2189 0.0031581604000000003 
2190 0.0042458256 
2191 0.0044161828 
2192 0.005110716 
2193 0.0043768696 
2194 0.006342529599999999 
2195 0.0066701396 
2196 0.00556937 
2197 0.005359699599999999 
2198 0.0041147816 
2199 0.0036299187999999996 
2200 0.0023325831999999997 
2201 0.0016380500000000003 
2202 0.0016511544000000003 
2203 0.000851786 
2204 0.0008648904 
2205 0.0014021708 
2206 0.0013235443999999998 
2207 0.0022670612 
2208 0.0028698635999999996 
2209 0.0041540948 
2210 0.005359699599999999 
2211 0.0063687384 
2212 0.0077840136 
2213 0.0061197548 
2214 0.0048748368 
2215 0.0063687384 
2216 0.0074564036000000005 
2217 0.009461376799999999 
2218 0.009461376799999999 
2219 0.011505663199999999 
2220 0.012449179999999999 
2221 0.0120822568 
2222 0.014231378400000001 
2223 0.011911899599999998 
2224 0.009762778 
2225 0.0098151956 
2226 0.009159975599999998 
2227 0.0095531076 
2228 0.0095531076 
2229 0.010286954000000001 
2230 0.0094613768 
2231 0.009697256 
2232 0.0084916512 
2233 0.008399920399999998 
2234 0.009238602 
2235 0.0083081896 
2236 0.0111911576 
2237 0.012488493199999999 
2238 0.0112959928 
2239 0.0116104984 
2240 0.0145983016 
2241 0.015332148 
2242 0.0133271748 
2243 0.0038920067999999998 
2244 0.0031057428 
2245 0.0032498912000000005 
2246 0.0028436548 
2247 0.0020704952000000004 
2248 0.0022670612 
2249 0.0020180776 
2250 0.0017953028 
2251 0.0013235444 
2252 0.0012318136 
2253 0.0010876652 
2254 0.0009697256 
2255 0.0008779948 
2256 0.0008124728 
2257 0.0008779948 
2258 0.0010745608 
2259 0.0012973356 
2260 0.0015463192000000003 
2261 0.0015463192000000003 
2262 0.0014807972000000001 
2263 0.0014414840000000003 
2264 0.0014414840000000003 
2265 0.0014414840000000003 
2266 0.0011925004 
2267 0.0011925004 
2268 0.0009697256 
2269 0.0007338464 
2270 0.0007469508 
2271 0.0010090388000000001 
2272 0.0011531872 
2273 0.0012318136 
2274 0.0015987368000000002 
2275 0.0020180776 
2276 0.0019132423999999998 
2277 0.0022670612 
2278 0.0021229128 
2279 0.0027519239999999998 
2280 0.0031057428 
2281 0.0033285176 
2282 0.004167199200000001 
2283 0.0042720344 
2284 0.0047175839999999995 
2285 0.004429287200000001 
2286 0.00360371 
2287 0.004442391600000001 
2288 0.004901045599999999 
2289 0.0047437928 
2290 0.0060018152 
2291 0.005634891999999999 
2292 0.0047437927999999996 
2293 0.0046258532 
2294 0.0035250836000000002 
2295 0.0033940396 
2296 0.0031057427999999997 
2297 0.0032236824000000004 
2298 0.0032236824000000004 
2299 0.0027388196 
2300 0.002227748 
2301 0.001703572 
2302 0.0014939016 
2303 0.0012973356000000001 
2304 0.0010221432000000002 
2305 0.0009959344 
2306 0.0012842312 
2307 0.001375962 
2308 0.0017559896 
2309 0.0021229128 
2310 0.0027519239999999998 
2311 0.0031057428 
2312 0.0034857703999999997 
2313 0.0038920067999999998 
2314 0.0038789023999999997 
2315 0.0030926384 
2316 0.0034333527999999996 
2317 0.0026995063999999997 
2318 0.0025291492 
2319 0.002227748 
2320 0.0021491216 
2321 0.0019525555999999997 
2322 0.0016904676 
2323 0.0017559895999999997 
2324 0.0020180776 
2325 0.0025815668 
2326 0.0023325831999999997 
2327 0.0030926384 
2328 0.0028436548 
2329 0.0028960723999999997 
2330 0.0022801656000000004 
2331 0.0019918688 
2332 0.0018215115999999998 
2333 0.0017559895999999997 
2334 0.0019525555999999997 
2335 0.0016904676 
2336 0.002162226 
2337 0.002227748 
2338 0.0027388196 
2339 0.0028567592 
2340 0.002227748 
2341 0.002162226 
2342 0.0019001379999999998 
2343 0.0016904676 
2344 0.0017166764 
2345 0.0017559895999999997 
2346 0.0016511543999999999 
2347 0.002162226 
2348 0.0022801656000000004 
2349 0.0026995064 
2350 0.0030926384 
2351 0.0029746988 
2352 0.0038526936 
2353 0.0039575288 
2354 0.004219616799999999 
2355 0.0037478584 
2356 0.0039051112 
2357 0.0038395891999999997 
2358 0.004311347599999999 
2359 0.0046782708 
2360 0.0047437928 
2361 0.0052024468 
2362 0.0050582984 
2363 0.0050582984 
2364 0.005634891999999999 
2365 0.0051762380000000005 
2366 0.0051369248 
2367 0.005005880799999999 
2368 0.004206512400000001 
2369 0.004272034399999999 
2370 0.004272034399999999 
2371 0.0035250836000000002 
2372 0.0032236824000000004 
2373 0.0030926384 
2374 0.0029484900000000007 
2375 0.0024767316000000004 
2376 0.0031188471999999997 
2377 0.0028960723999999997 
2378 0.0023850008000000002 
2379 0.0021229128 
2380 0.0022670612 
2381 0.0021229128 
2382 0.0017559896000000003 
2383 0.0017559896000000003 
2384 0.0017559896000000003 
2385 0.0019001380000000002 
2386 0.0015856323999999997 
2387 0.0017559895999999997 
2388 0.0014807972 
2389 0.0014807972 
2390 0.0019001379999999998 
2391 0.0017166764 
2392 0.0015332148 
2393 0.0019001380000000002 
2394 0.0015987367999999997 
2395 0.001179396 
2396 0.001375962 
2397 0.0017166764 
2398 0.0015201104 
2399 0.0015987367999999997 
2400 0.0022408524 
2401 0.0027519239999999998 
2402 0.0040361552 
2403 0.0036299187999999996 
2404 0.0028960723999999997 
2405 0.0025684624 
2406 0.0021229128 
2407 0.0015987367999999997 
2408 0.001375962 
2409 0.001179396 
2410 0.0011662916 
2411 0.000851786 
2412 0.0008648904 
2413 0.0008124728000000001 
2414 0.0011269783999999998 
2415 0.0011793959999999999 
2416 0.0009697256 
2417 0.00098283 
2418 0.0007338463999999999 
2419 0.0010614564 
2420 0.0010090388000000001 
2421 0.001179396 
2422 0.0015201104 
2423 0.0019918688 
2424 0.0023456876 
2425 0.0031712648 
2426 0.0035250836000000002 
2427 0.0045341224 
2428 0.004311347599999999 
2429 0.0045472268 
2430 0.0045472268 
2431 0.0037085452 
2432 0.0029746988 
2433 0.0033940396 
2434 0.0033154132 
2435 0.0026732976 
2436 0.0019525555999999997 
2437 0.0020180776 
2438 0.0014283796 
2439 0.0013235444 
2440 0.0010090388000000001 
2441 0.0008648904 
2442 0.0010090388000000001 
2443 0.0009173080000000001 
2444 0.0009042036000000001 
2445 0.001048352 
2446 0.0012842312 
2447 0.0012842312 
2448 0.0011925004 
2449 0.0013235443999999998 
2450 0.0014021708 
2451 0.0013235444 
2452 0.0014939016 
2453 0.0019132423999999998 
2454 0.0019132423999999998 
2455 0.0024374184 
2456 0.0025291492 
2457 0.0028698636 
2458 0.0032236824000000004 
2459 0.00360371 
2460 0.004442391600000001 
2461 0.004429287200000001 
2462 0.0047306883999999995 
2463 0.005726622800000001 
2464 0.0047700016 
2465 0.0042327212 
2466 0.004691375199999999 
2467 0.005779040400000001 
2468 0.00622459 
2469 0.00687981 
2470 0.0063163208000000005 
2471 0.0075219256 
2472 0.0075219256 
2473 0.0067356616 
2474 0.006001815200000001 
2475 0.005412117199999999 
2476 0.004324452 
2477 0.004783106 
2478 0.005176238 
2479 0.0042327212 
2480 0.0033940396 
2481 0.0026601932 
2482 0.002424314 
2483 0.002031182 
2484 0.0018477204000000003 
2485 0.001375962 
2486 0.0010090388000000001 
2487 0.0007469508 
2488 0.0007993684000000001 
2489 0.0010090388 
2490 0.0011269783999999998 
2491 0.0011662915999999996 
2492 0.0014152752 
2493 0.0014807972000000001 
2494 0.0014807972000000001 
2495 0.0015725280000000001 
2496 0.0018477203999999999 
2497 0.002031182 
2498 0.0017559896000000003 
2499 0.0013890664 
2500 0.0014414839999999998 
2501 0.0014414839999999998 
2502 0.0016904676000000002 
2503 0.0016904676000000002 
2504 0.0014807972000000001 
2505 0.0014807972000000001 
2506 0.0012318135999999998 
2507 0.001375962 
2508 0.0011925004 
2509 0.0014807972000000001 
2510 0.0011138739999999997 
2511 0.0011138739999999997 
2512 0.0011138739999999997 
2513 0.0013628576 
2514 0.0013628576 
2515 0.0011269783999999998 
2516 0.001375962 
2517 0.001375962 
2518 0.0011925004 
2519 0.0011925004 
2520 0.0014414840000000003 
2521 0.001375962 
2522 0.0014152752 
2523 0.001375962 
2524 0.0011269783999999998 
2525 0.000851786 
2526 0.0005372804 
2527 0.00039313200000000003 
2528 0.0005372804 
2529 0.0007600552 
2530 0.0007600552 
2531 0.0009566212 
2532 0.0009566212 
2533 0.0009566212 
2534 0.0007731596 
2535 0.0007076376000000001 
2536 0.0007076376000000001 
2537 0.0004979671999999999 
2538 0.0004979671999999999 
2539 0.00038002760000000005 
2540 0.00039313200000000003 
2541 0.00039313200000000003 
2542 0.0003407144 
2543 0.0003800276 
2544 0.00045865400000000007 
2545 0.0004979672 
2546 0.0006421156 
2547 0.0008124728000000001 
2548 0.0009042036000000001 
2549 0.0008124728 
2550 0.00098283 
2551 0.0009566212 
2552 0.0009566212 
2553 0.0009566212 
2554 0.0008124728 
2555 0.0009697256 
2556 0.001113874 
2557 0.0011269784 
2558 0.0008648904 
2559 0.0011662916 
2560 0.00131044 
2561 0.0013235444 
2562 0.00131044 
2563 0.0011269784 
2564 0.0009566212 
2565 0.0009566212 
2566 0.0007076376000000001 
2567 0.0007338463999999999 
2568 0.0010221432000000002 
2569 0.000851786 
2570 0.0011269784 
2571 0.00098283 
2572 0.00098283 
2573 0.00098283 
2574 0.0008648904 
2575 0.0009042036000000001 
2576 0.0008124728000000001 
2577 0.0007338463999999999 
2578 0.000589698 
2579 0.000589698 
2580 0.0004979672 
2581 0.0004979672 
2582 0.0005765936 
2583 0.0007469508000000001 
2584 0.0007469508000000001 
2585 0.0006028024000000001 
2586 0.0006945332000000001 
2587 0.0009042036 
2588 0.0011138739999999997 
2589 0.0010876651999999999 
2590 0.0009042036 
2591 0.0007076376000000001 
2592 0.0006028024000000001 
2593 0.0006028024000000001 
2594 0.00043244519999999996 
2595 0.00034071439999999996 
2596 0.00039313200000000003 
2597 0.0004979671999999999 
2598 0.0003538188 
2599 0.00039313200000000003 
2600 0.00043244519999999996 
2601 0.0004193408 
2602 0.00034071439999999996 
2603 0.0003800276 
2604 0.0003800276 
2605 0.0003800276 
2606 0.0003800276 
2607 0.0004717584 
2608 0.00045865400000000007 
2609 0.0006028024 
2610 0.0006421156 
2611 0.0006421156 
2612 0.0007338463999999999 
2613 0.0007076376000000001 
2614 0.0007076376000000001 
2615 0.000851786 
2616 0.000851786 
2617 0.0008124728 
2618 0.0007338463999999999 
2619 0.0006421156 
2620 0.0005765936 
2621 0.0006421156000000001 
2622 0.0004979672 
2623 0.0004979672 
2624 0.00043244519999999996 
2625 0.0004717584 
2626 0.0005372803999999999 
2627 0.0003800276 
2628 0.0004979672 
2629 0.000524176 
2630 0.00043244520000000007 
2631 0.0004979672 
2632 0.0005634892 
2633 0.0006290111999999999 
2634 0.0005372803999999999 
2635 0.0005372803999999999 
2636 0.000589698 
2637 0.00065522 
2638 0.00065522 
2639 0.0005634892 
2640 0.000589698 
2641 0.0004717584 
2642 0.0005503848 
2643 0.00044554960000000004 
2644 0.0006028024 
2645 0.000458654 
2646 0.000458654 
2647 0.0004455496 
2648 0.0005372803999999999 
2649 0.0005634892 
2650 0.0006421156000000001 
2651 0.0005765936 
2652 0.0007469508000000001 
2653 0.0009042036 
2654 0.0009697256 
2655 0.0011925004 
2656 0.0014283796000000002 
2657 0.0012711267999999999 
2658 0.001048352 
2659 0.0012711267999999999 
2660 0.0012842312 
2661 0.0015332148000000002 
2662 0.0016511544000000003 
2663 0.0015463191999999998 
2664 0.0011662916 
2665 0.0011662916 
2666 0.001113874 
2667 0.0011269784 
2668 0.0009566212 
2669 0.000851786 
2670 0.0007993684 
2671 0.00065522 
2672 0.0005372803999999999 
2673 0.0005634892 
2674 0.00065522 
2675 0.0006290111999999999 
2676 0.0007076376 
2677 0.0007338463999999999 
2678 0.0006945332 
2679 0.0005503848000000001 
2680 0.0006421156 
2681 0.0008124728000000001 
2682 0.0008124728000000001 
2683 0.0008124728000000001 
2684 0.0011007696 
2685 0.0011007696 
2686 0.0011007696 
2687 0.0011007696 
2688 0.0012842312 
2689 0.0014414840000000003 
2690 0.0014152752000000002 
2691 0.0017166764 
2692 0.001375962 
2693 0.0016118412 
2694 0.0013235444000000002 
2695 0.0011269783999999998 
2696 0.0011925004 
2697 0.0009566212 
2698 0.0010614564 
2699 0.0008648904 
2700 0.0008124728000000001 
2701 0.0009042036000000001 
2702 0.0008124728000000001 
2703 0.0007076376 
2704 0.0007076376 
2705 0.0008779948 
2706 0.0009042036000000001 
2707 0.0009042036000000001 
2708 0.000851786 
2709 0.000851786 
2710 0.0008124728 
2711 0.0008648904 
2712 0.0008648904 
2713 0.0010614564 
2714 0.0011793959999999999 
2715 0.0011793959999999999 
2716 0.0013628576 
2717 0.0011269783999999998 
2718 0.0009042036 
2719 0.0007076376000000001 
2720 0.0006028024000000001 
2721 0.0007469508000000001 
2722 0.0009042036 
2723 0.0007731596 
2724 0.0008124728000000001 
2725 0.0008648904 
2726 0.0007338463999999999 
2727 0.0007338463999999999 
2728 0.0005372803999999999 
2729 0.0005372803999999999 
2730 0.0004455496 
2731 0.0004717584 
2732 0.0005503848000000001 
2733 0.0004193408 
2734 0.0004193408 
2735 0.0005503848000000001 
2736 0.000589698 
2737 0.000589698 
2738 0.0006028024 
2739 0.0006421156 
2740 0.0005634892 
2741 0.0005634892 
2742 0.0005372803999999999 
2743 0.000589698 
2744 0.0004455496 
2745 0.0005372803999999999 
2746 0.0004455496 
2747 0.0003800276 
2748 0.0004979672 
2749 0.0005503848000000001 
2750 0.0004193408 
2751 0.0005503848000000001 
2752 0.000589698 
2753 0.000458654 
2754 0.0005372803999999999 
2755 0.00039313200000000003 
2756 0.00038002760000000005 
2757 0.00044554960000000004 
2758 0.00032761 
2759 0.0004193408 
2760 0.0004324452 
2761 0.0003407144 
2762 0.000458654 
2763 0.00039313200000000003 
2764 0.0005765936 
2765 0.0005372804 
2766 0.0005765936 
2767 0.0004979672 
2768 0.000589698 
2769 0.0007076376000000001 
2770 0.0007993684 
2771 0.0007993684 
2772 0.0010614564 
2773 0.001179396 
2774 0.0012580223999999998 
2775 0.0009697256 
2776 0.0010745607999999999 
2777 0.0011662915999999998 
2778 0.0009697255999999999 
2779 0.0006421156 
2780 0.0006945332 
2781 0.000589698 
2782 0.00065522 
2783 0.00065522 
2784 0.0007076376000000001 
2785 0.0009566212 
2786 0.0007993684000000001 
2787 0.0006945332000000001 
2788 0.0006945332000000001 
2789 0.0005634892 
2790 0.00065522 
2791 0.00065522 
2792 0.000589698 
2793 0.0006945332 
2794 0.000589698 
2795 0.0006028024 
2796 0.0007731596 
2797 0.0007600552 
2798 0.0008910992 
2799 0.0007731596 
2800 0.0009042036000000001 
2801 0.0007338463999999999 
2802 0.00065522 
2803 0.0005634892 
2804 0.0006421156000000001 
2805 0.0006028024000000001 
2806 0.0006028024000000001 
2807 0.0007731596 
2808 0.0007731596 
2809 0.0007600552 
2810 0.0007600552 
2811 0.0007731596 
2812 0.0007731596 
2813 0.0007076376000000001 
2814 0.0004979672 
2815 0.00043244520000000007 
2816 0.0003800276 
2817 0.0005765936 
2818 0.0007076376000000001 
2819 0.0005372803999999999 
2820 0.0004324452 
2821 0.0006945332 
2822 0.0007600552 
2823 0.0006945332 
2824 0.0006421156 
2825 0.0006421156 
2826 0.0006421156000000001 
2827 0.0006421156000000001 
2828 0.0006028024000000001 
2829 0.0006028024000000001 
2830 0.0006028024000000001 
2831 0.0006028024000000001 
2832 0.0006028024000000001 
2833 0.0006421156000000001 
2834 0.0006421156000000001 
2835 0.0008124728 
2836 0.0007469508000000001 
2837 0.0008124728000000001 
2838 0.0008779948 
2839 0.0010876652 
2840 0.0010876652 
2841 0.0010876652 
2842 0.0014283796 
2843 0.0015201104 
2844 0.0018870336 
2845 0.0018870336 
2846 0.0014021708000000002 
2847 0.0015987368 
2848 0.0012187092 
2849 0.0014414839999999998 
2850 0.0012187092 
2851 0.0009042036000000001 
2852 0.0011007696 
2853 0.0012187092 
2854 0.0009042036000000001 
2855 0.0007338463999999999 
2856 0.000589698 
2857 0.0007076376000000001 
2858 0.000589698 
2859 0.0004455496 
2860 0.0003800276 
2861 0.00034071439999999996 
2862 0.00032761 
2863 0.000458654 
2864 0.000458654 
2865 0.0004979672 
2866 0.0005634892 
2867 0.0006421156 
2868 0.0007076376000000001 
2869 0.0004717584 
2870 0.0004979672 
2871 0.0003800276 
2872 0.0002751924 
2873 0.0002751924 
2874 0.0002227748 
2875 0.0001441484 
2876 0.00039313200000000003 
2877 0.00039313200000000003 
2878 0.0002227748 
2879 0.0001441484 
2880 0.00022277480000000002 
2881 0.00022277480000000002 
2882 0.0003800276 
2883 0.0001834616 
2884 7.86264e-5 
2885 2.62088e-5 
2886 0.00015725279999999998 
2887 0.0002227748 
2888 0.0002227748 
2889 0.00031450559999999996 
2890 0.0004324452 
2891 0.0005372804 
2892 0.0007076376000000001 
2893 0.0009042036 
2894 0.0011269783999999998 
2895 0.0010090388 
2896 0.0015463192 
2897 0.0014414840000000003 
2898 0.0020049732 
2899 0.0023850008 
2900 0.0023325831999999997 
2901 0.001703572 
2902 0.001375962 
2903 0.0020573908 
2904 0.0017559895999999999 
2905 0.0012318135999999998 
2906 0.0010090388 
2907 0.0006421156 
2908 0.0004979672 
2909 0.0004324452 
2910 0.00031450559999999996 
2911 0.00018346159999999999 
2912 6.5522e-5 
2913 0.000131044 
2914 0.0002882968 
2915 0.0005634892 
2916 0.0014939016000000002 
2917 0.0025553579999999998 
2918 0.0030664295999999996 
2919 0.0044817048 
2920 0.004901045600000001 
2921 0.0060149196 
2922 0.0081509368 
2923 0.0080985192 
2924 0.009566212000000001 
2925 0.0103393716 
2926 0.0111780532 
2927 0.0105621464 
2928 0.008609590799999999 
2929 0.007928161999999999 
2930 0.0081509368 
2931 0.007587447599999999 
2932 0.009618629600000001 
2933 0.008150936800000001 
2934 0.006434260399999999 
2935 0.006119754799999999 
2936 0.0047437928 
2937 0.0042458256 
2938 0.00360371 
2939 0.0026995064 
2940 0.0021098083999999996 
2941 0.0011662916 
2942 0.001179396 
2943 0.0007993684000000001 
2944 0.0010090388 
2945 0.0011925004 
2946 0.0014283796000000002 
2947 0.0016511543999999999 
2948 0.0020180776 
2949 0.0019918687999999998 
2950 0.0020180776 
2951 0.0021098084 
2952 0.002096704 
2953 0.0022146436 
2954 0.0019132424 
2955 0.0019132424 
2956 0.0019132424 
2957 0.0019132424 
2958 0.0016511544000000003 
2959 0.0016380500000000003 
2960 0.0019132424 
2961 0.0016380500000000003 
2962 0.0016380500000000003 
2963 0.0017821984000000002 
2964 0.0015332147999999998 
2965 0.0016380500000000003 
2966 0.0020573908 
2967 0.0017953028000000002 
2968 0.0017953028000000002 
2969 0.0017953028000000002 
2970 0.0017953028000000002 
2971 0.0017953028000000002 
2972 0.0017953028000000002 
2973 0.0021098084 
2974 0.0022408524 
2975 0.0020704952 
2976 0.0020704952 
2977 0.0020704952 
2978 0.0022408524 
2979 0.0020573908 
2980 0.002358792 
2981 0.002358792 
2982 0.0020573908 
2983 0.0019132424 
2984 0.0022146436 
2985 0.0022146436 
2986 0.0017953028 
2987 0.0020180776 
2988 0.0021098084 
2989 0.0017166764 
2990 0.0016904675999999997 
2991 0.0019918687999999998 
2992 0.0016904675999999997 
2993 0.001375962 
2994 0.001703572 
2995 0.001703572 
2996 0.0011793959999999999 
2997 0.0010090388 
2998 0.001507006 
2999 0.0018477203999999999 
3000 0.0013235443999999998 
3001 0.0017559896000000003 
3002 0.0019656599999999997 
3003 0.0025684624 
3004 0.0030533252 
3005 0.0034857703999999997 
3006 0.0047831060000000005 
3007 0.0054121172 
3008 0.0063687384 
3009 0.0086226952 
3010 0.008124728 
3011 0.007299150799999999 
3012 0.0074170904 
3013 0.006342529599999999 
3014 0.007181211200000001 
3015 0.008046101600000001 
3016 0.0067356616 
3017 0.006945331999999999 
3018 0.0054121172 
3019 0.0068404968 
3020 0.0060804416 
3021 0.0041671992 
3022 0.0048617324 
3023 0.0053596996 
3024 0.0070239584 
3025 0.007731596 
3026 0.0092779152 
3027 0.008517859999999999 
3028 0.008046101600000001 
3029 0.0062245899999999995 
3030 0.005765936 
3031 0.0047831060000000005 
3032 0.0047831060000000005 
3033 0.005765936 
3034 0.0046389576 
3035 0.0036823364000000006 
3036 0.0047568972 
3037 0.0045341224 
3038 0.0031843691999999995 
3039 0.003734754 
3040 0.0045341224 
3041 0.0032105780000000004 
3042 0.0024243140000000003 
3043 0.0029353855999999998 
3044 0.0023718964 
3045 0.0018084072 
3046 0.0017166764 
3047 0.0014152752 
3048 0.0011269783999999998 
3049 0.0011138739999999997 
3050 0.0014283796000000002 
3051 0.0011793959999999999 
3052 0.0011793959999999999 
3053 0.0012711267999999999 
3054 0.0015332148000000002 
3055 0.0012842312 
3056 0.0012842312 
3057 0.0012842312 
3058 0.0012842312 
3059 0.0014021708 
3060 0.0014021708 
3061 0.0015332148000000002 
3062 0.0014021708 
3063 0.0015332148000000002 
3064 0.0015332148000000002 
3065 0.0015332148000000002 
3066 0.0015332148000000002 
3067 0.0012842312 
3068 0.0015332148000000002 
3069 0.0015332148000000002 
3070 0.0018084072 
3071 0.0018084072 
3072 0.0017953028 
3073 0.002096704 
3074 0.002096704 
3075 0.0020180776 
3076 0.0023194788 
3077 0.0023194788 
3078 0.0026995064 
3079 0.0027781328000000003 
3080 0.0026995064 
3081 0.0029091768 
3082 0.0030926384 
3083 0.0030664296 
3084 0.0039575288 
3085 0.0034202484000000004 
3086 0.0027388196 
3087 0.0031974736000000004 
3088 0.0031974736000000004 
3089 0.002555358 
3090 0.0025946712000000003 
3091 0.003210578 
3092 0.0027912372000000003 
3093 0.0021229128 
3094 0.0025422535999999997 
3095 0.003210578 
3096 0.0025422535999999997 
3097 0.0022801656000000004 
3098 0.0032760999999999997 
3099 0.0034202484 
3100 0.0024767316000000004 
3101 0.0019918688 
3102 0.001179396 
3103 0.0012973356000000001 
3104 0.0015856324 
3105 0.0008910992000000001 
3106 0.00065522 
3107 0.0010876652 
3108 0.00163805 
3109 0.0021229128 
3110 0.0021753303999999998 
3111 0.0031188471999999997 
3112 0.0034857703999999997 
3113 0.004783106 
3114 0.004783106 
3115 0.0050976116 
3116 0.0044292872 
3117 0.003407144 
3118 0.003800276 
3119 0.0041147816 
3120 0.0026601931999999996 
3121 0.0025946712 
3122 0.0037478584 
3123 0.0032498912 
3124 0.002031182 
3125 0.0025684624000000002 
3126 0.0033940395999999995 
3127 0.0047437927999999996 
3128 0.0051762380000000005 
3129 0.004901045600000001 
3130 0.006722557200000001 
3131 0.006919123200000001 
3132 0.006119754799999999 
3133 0.0074170904000000005 
3134 0.0088847832 
3135 0.008124728 
3136 0.007482612400000001 
3137 0.0088716788 
3138 0.0081378324 
3139 0.006670139600000001 
3140 0.006827392400000001 
3141 0.0082426676 
3142 0.006565304400000001 
3143 0.0055562656 
3144 0.0063687384 
3145 0.006840496800000001 
3146 0.00556937 
3147 0.005215551200000001 
3148 0.0059493976 
3149 0.0056086832 
3150 0.004127885999999999 
3151 0.0052679688 
3152 0.005582474400000001 
3153 0.004127885999999999 
3154 0.0036037099999999996 
3155 0.0050058808 
3156 0.00458654 
3157 0.0033809352 
3158 0.0023456876 
3159 0.001179396 
3160 0.0018477204000000003 
3161 0.0013235444 
3162 0.0008517860000000001 
3163 0.0006421156000000001 
3164 0.0010745608 
3165 0.0012973356 
3166 0.000851786 
3167 0.0011138739999999997 
3168 0.0014283796000000002 
3169 0.001375962 
3170 0.0011269783999999998 
3171 0.001375962 
3172 0.0016904675999999997 
3173 0.0014283796000000002 
3174 0.0014283796000000002 
3175 0.001703572 
3176 0.001703572 
3177 0.0015201104000000002 
3178 0.0015332148000000002 
3179 0.0018084072 
3180 0.0015332148000000002 
3181 0.0015332148000000002 
3182 0.0015332148000000002 
3183 0.0015332148000000002 
3184 0.0012842312 
3185 0.0012842312 
3186 0.0012842312 
3187 0.0011007696 
3188 0.0012187092 
3189 0.0009042036 
3190 0.0012187092 
3191 0.0012842312 
3192 0.0012842312 
3193 0.0012842312 
3194 0.0012842312 
3195 0.0011007696 
3196 0.001179396 
3197 0.001179396 
3198 0.001179396 
3199 0.0008517860000000001 
3200 0.0011662915999999998 
3201 0.0015725280000000001 
3202 0.0016511543999999999 
3203 0.001834616 
3204 0.0013628575999999999 
3205 0.0011662915999999998 
3206 0.0013628575999999999 
3207 0.0013628575999999999 
3208 0.0012187092 
3209 0.0014021708 
3210 0.0014021708 
3211 0.0014021708 
3212 0.0014021708 
3213 0.0016511544000000003 
3214 0.0016511544000000003 
3215 0.0014021708 
3216 0.0016511544000000003 
3217 0.0016511544000000003 
3218 0.0016511544000000003 
3219 0.0016511544000000003 
3220 0.0016511544000000003 
3221 0.0016511544000000003 
3222 0.0016511544000000003 
3223 0.0015201104000000002 
3224 0.0016380500000000003 
3225 0.0016511544000000003 
3226 0.0012711267999999999 
3227 0.0015201104000000002 
3228 0.0015201104000000002 
3229 0.0012711267999999999 
3230 0.0011793959999999999 
3231 0.0011793959999999999 
3232 0.0009566212 
3233 0.0006945332000000001 
3234 0.0008648904 
3235 0.0009042036 
3236 0.00048486279999999997 
3237 0.00048486279999999997 
3238 0.0006945332000000001 
3239 0.0004979671999999999 
3240 0.0003538188 
3241 0.0007076376000000001 
3242 0.0005765936 
3243 0.0003145056 
3244 0.0003800276 
3245 0.0008648904 
3246 0.0004455496 
3247 0.0003145056 
3248 0.0008124728000000001 
3249 0.001179396 
3250 0.0010090388000000001 
3251 0.0007338463999999999 
3252 0.0009566212 
3253 0.0007076376000000001 
3254 0.0009042036 
3255 0.0006421156000000001 
3256 0.0011662916 
3257 0.0011662916 
3258 0.0006028024 
3259 0.001048352 
3260 0.0014021708 
3261 0.002031182 
3262 0.002424314 
3263 0.002424314 
3264 0.0015725280000000001 
3265 0.002227748 
3266 0.0020704952 
3267 0.0019001380000000002 
3268 0.0022801656000000004 
3269 0.0017821984 
3270 0.0025422535999999997 
3271 0.0023456876 
3272 0.0024243140000000003 
3273 0.0022670612 
3274 0.0016904676000000002 
3275 0.0013890664 
3276 0.0014939016000000002 
3277 0.0017821984 
3278 0.0017166764 
3279 0.0023456876 
3280 0.0020704952 
3281 0.0028567592 
3282 0.0027388196 
3283 0.003800276 
3284 0.0044686004 
3285 0.0054907436 
3286 0.006853601199999999 
3287 0.008976514 
3288 0.0094089592 
3289 0.0105359376 
3290 0.010981487199999999 
3291 0.011348410400000002 
3292 0.0128292076 
3293 0.011676020399999999 
3294 0.0118070644 
3295 0.0103393716 
3296 0.012029839200000001 
3297 0.014336213599999998 
3298 0.0163805 
3299 0.01769094 
3300 0.0194076164 
3301 0.0186213524 
3302 0.01605289 
3303 0.013235444 
3304 0.012095361200000002 
3305 0.0097496736 
3306 0.0085964864 
3307 0.006814288 
3308 0.0055300568000000005 
3309 0.007194315600000001 
3310 0.0085702776 
3311 0.0105621464 
3312 0.0116760204 
3313 0.0140741256 
3314 0.015594236 
3315 0.018739291999999998 
3316 0.021019457600000003 
3317 0.018044758799999998 
3318 0.0159480548 
3319 0.0134844276 
3320 0.010693190400000002 
3321 0.009356541600000002 
3322 0.007403985999999999 
3323 0.006132859199999999 
3324 0.00556937 
3325 0.007259837599999999 
3326 0.009369645999999999 
3327 0.0103393716 
3328 0.0118201688 
3329 0.012134674399999998 
3330 0.014218274000000001 
3331 0.0133926968 
3332 0.0133926968 
3333 0.012187092 
3334 0.010024866 
3335 0.009028931599999998 
3336 0.009566212000000001 
3337 0.009343437199999999 
3338 0.0107062948 
3339 0.010876652 
3340 0.013327174800000001 
3341 0.0155811316 
3342 0.0170226156 
3343 0.017428852 
3344 0.0142969004 
3345 0.0127636856 
3346 0.0125933284 
3347 0.0135499496 
3348 0.0147293456 
3349 0.016314978 
3350 0.0189882756 
3351 0.017953028 
3352 0.018582039199999997 
3353 0.016498439599999998 
3354 0.016524648399999998 
3355 0.0158432196 
3356 0.0146900324 
3357 0.015856323999999998 
3358 0.0206918476 
3359 0.022539568000000003 
3360 0.019460034 
3361 0.0206918476 
3362 0.024714898399999997 
3363 0.025278387599999997 
