1 0.007702797600000001 
2 0.005743314000000001 
3 0.00675684 
4 0.005743314000000001 
5 0.005810882400000002 
6 0.005810882400000002 
7 0.005270335200000001 
8 0.006013587600000001 
9 0.005608177200000002 
10 0.005202766800000001 
11 0.005810882400000002 
12 0.005810882400000002 
13 0.005202766800000001 
14 0.006554134800000002 
15 0.007432524000000001 
16 0.006554134800000002 
17 0.006554134800000002 
18 0.005810882400000002 
19 0.005810882400000002 
20 0.005202766800000001 
21 0.0038513988000000005 
22 0.0038513988000000005 
23 0.0038513988000000005 
24 0.0033784200000000005 
25 0.0038513988000000005 
26 0.0033784200000000005 
27 0.0038513988000000005 
28 0.0038513988000000005 
29 0.004594651200000001 
30 0.004729788 
31 0.0037838304000000003 
32 0.004391946000000001 
33 0.004189240800000001 
34 0.004189240800000001 
35 0.004121672400000001 
36 0.005067630000000001 
37 0.005810882400000002 
38 0.007702797600000001 
39 0.007702797600000001 
40 0.009864986400000001 
41 0.009864986400000001 
42 0.012297448800000003 
43 0.012229880400000002 
44 0.012229880400000002 
45 0.012297448800000003 
46 0.015000184800000003 
47 0.013783953600000003 
48 0.012297448800000003 
49 0.012500154000000003 
50 0.010405533600000001 
51 0.010067691600000001 
52 0.010067691600000001 
53 0.009392007600000002 
54 0.0082433448 
55 0.0079055028 
56 0.0079055028 
57 0.0063514296000000015 
58 0.005608177200000002 
59 0.004729788 
60 0.005202766800000001 
61 0.0038513988000000005 
62 0.0038513988000000005 
63 0.004594651200000001 
64 0.005202766800000001 
65 0.005608177200000002 
66 0.0063514296000000015 
67 0.0082433448 
68 0.010405533600000001 
69 0.010067691600000001 
70 0.012837996000000003 
71 0.015540732000000003 
72 0.016013710800000004 
73 0.013310974800000002 
74 0.013310974800000002 
75 0.0108785124 
76 0.011486628 
77 0.011486628 
78 0.009324439200000001 
79 0.00844605 
80 0.007432524000000001 
81 0.006554134800000002 
82 0.005810882400000002 
83 0.005810882400000002 
84 0.007432524000000001 
85 0.008175776400000001 
86 0.009054165600000002 
87 0.007432524000000001 
88 0.007432524000000001 
89 0.007432524000000001 
90 0.009054165600000002 
91 0.009054165600000002 
92 0.0109460808 
93 0.010067691600000001 
94 0.0122298804 
95 0.0133785432 
96 0.014662342800000002 
97 0.017365078800000003 
98 0.018243468000000006 
99 0.016554258000000002 
100 0.014256932400000002 
101 0.0141217956 
102 0.011959606800000001 
103 0.011959606800000001 
104 0.010067691600000001 
105 0.010067691600000001 
106 0.010067691600000001 
107 0.0109460808 
108 0.0109460808 
109 0.010067691600000001 
110 0.011486628 
111 0.0087163236 
112 0.010405533600000001 
113 0.0108785124 
114 0.0108785124 
115 0.013919090400000002 
116 0.016621826400000005 
117 0.018040762800000002 
118 0.019594836000000004 
119 0.020540793600000003 
120 0.019594836000000004 
121 0.021148909200000003 
122 0.0218921616 
123 0.018784015200000004 
124 0.018243468000000006 
125 0.016824531600000005 
126 0.019256994000000003 
127 0.019256994000000003 
128 0.016554258000000002 
129 0.016554258000000002 
130 0.0177029208 
131 0.0141217956 
132 0.0152704584 
133 0.016554258000000002 
134 0.016554258000000002 
135 0.013108269600000002 
136 0.014392069200000003 
137 0.014932616400000001 
138 0.012500154000000003 
139 0.011216354400000001 
140 0.011216354400000001 
141 0.011216354400000001 
142 0.011216354400000001 
143 0.013108269600000002 
144 0.013108269600000002 
145 0.0152704584 
146 0.0164191212 
147 0.0177029208 
148 0.019256994000000003 
149 0.020405656800000005 
150 0.0177029208 
151 0.019256994000000003 
152 0.020405656800000005 
153 0.0177029208 
154 0.0177029208 
155 0.016554258000000002 
156 0.015540732000000003 
157 0.015946142400000002 
158 0.014594774400000003 
159 0.015540732000000003 
160 0.012500154000000003 
161 0.014121795600000004 
162 0.012837996000000003 
163 0.010405533600000001 
164 0.0108785124 
165 0.0087163236 
166 0.007432524000000001 
167 0.007432524000000001 
168 0.005810882400000002 
169 0.005810882400000002 
170 0.005202766800000001 
171 0.005202766800000001 
172 0.005000061600000001 
173 0.006081156000000001 
174 0.006081156000000001 
175 0.007432524000000001 
176 0.006554134800000002 
177 0.008175776400000001 
178 0.008175776400000001 
179 0.00844605 
180 0.009324439200000001 
181 0.011486628 
182 0.0108785124 
183 0.012837996000000003 
184 0.012500154000000003 
185 0.012297448800000003 
186 0.012297448800000003 
187 0.012229880400000002 
188 0.009797418 
189 0.009864986400000001 
190 0.007702797600000001 
191 0.0088514604 
192 0.007702797600000001 
193 0.007027113600000001 
194 0.006013587600000001 
195 0.0063514296000000015 
196 0.006824408400000001 
197 0.007432524000000001 
198 0.008175776400000001 
199 0.008175776400000001 
200 0.009054165600000002 
201 0.009054165600000002 
202 0.007432524000000001 
203 0.00844605 
204 0.00844605 
205 0.00844605 
206 0.007094682 
207 0.006081156000000001 
208 0.005202766800000001 
209 0.005202766800000001 
210 0.0038513988000000005 
211 0.005202766800000001 
212 0.006824408400000001 
213 0.0078379344 
214 0.0087163236 
215 0.0108785124 
216 0.0120271752 
217 0.013310974800000002 
218 0.016013710800000004 
219 0.018040762800000002 
220 0.018040762800000002 
221 0.0174326472 
222 0.018986720400000004 
223 0.020540793600000003 
224 0.020067814800000004 
225 0.0185137416 
226 0.016959668400000003 
227 0.015202890000000004 
228 0.015202890000000004 
229 0.018175899600000003 
230 0.017973194400000003 
231 0.016351552800000002 
232 0.014932616400000003 
233 0.015000184800000003 
234 0.012229880400000002 
235 0.012297448800000003 
236 0.012500154000000003 
237 0.012500154000000003 
238 0.010067691600000001 
239 0.0079055028 
240 0.0079055028 
241 0.006013587600000001 
242 0.005270335200000001 
243 0.004729788 
244 0.0041216724 
245 0.0033784200000000005 
246 0.0033784200000000005 
247 0.002905441200000001 
248 0.002905441200000001 
249 0.0033784200000000005 
250 0.0033784200000000005 
251 0.004594651200000001 
252 0.005202766800000001 
253 0.005202766800000001 
254 0.006081156000000001 
255 0.006081156000000001 
256 0.007432524000000001 
257 0.006689271600000001 
258 0.007432524000000001 
259 0.006081156000000001 
260 0.0063514296000000015 
261 0.004729788 
262 0.004729788 
263 0.0030405780000000004 
264 0.0030405780000000004 
265 0.0025675992000000003 
266 0.0025675992000000003 
267 0.0028378728000000002 
268 0.0023648940000000006 
269 0.0023648940000000006 
270 0.0023648940000000006 
271 0.0025675992000000003 
272 0.0019594836 
273 0.0019594836 
274 0.0025675992000000003 
275 0.0025675992000000003 
276 0.0019594836 
277 0.0019594836 
278 0.0022973256000000004 
279 0.0025675992000000003 
280 0.0030405780000000004 
281 0.0023648940000000006 
282 0.0023648940000000006 
283 0.0023648940000000006 
284 0.0022973256000000004 
285 0.001351368 
286 0.001351368 
287 0.0014189364000000001 
288 0.0009459576000000001 
289 0.0011486628000000002 
290 0.0011486628000000002 
291 0.0008108208 
292 0.0011486628000000002 
293 0.0006081156 
294 0.0006081156 
295 0.0009459576000000001 
296 0.0012162312 
297 0.0012162312 
298 0.0010810944 
299 0.0016892100000000005 
300 0.0017567784000000004 
301 0.0018243468000000004 
302 0.0020270520000000005 
303 0.0027703044000000005 
304 0.0031081464000000006 
305 0.0033108516000000003 
306 0.0033108516000000003 
307 0.004189240800000001 
308 0.004189240800000001 
309 0.0052027668000000004 
310 0.0052027668000000004 
311 0.005540608800000001 
312 0.0052027668000000004 
313 0.006689271600000001 
314 0.006689271600000001 
315 0.006689271600000001 
316 0.0068244084 
317 0.008446050000000002 
318 0.009864986400000001 
319 0.012500154000000001 
320 0.0103379652 
321 0.009864986400000001 
322 0.008919028800000001 
323 0.008446050000000002 
324 0.006689271600000001 
325 0.006689271600000001 
326 0.006824408400000001 
327 0.006689271600000001 
328 0.0071622504 
329 0.0071622504 
330 0.0071622504 
331 0.0060135876 
332 0.005540608800000001 
333 0.004189240800000001 
334 0.004189240800000001 
335 0.004189240800000001 
336 0.0038513988000000005 
337 0.0038513988000000005 
338 0.003648693600000001 
339 0.003648693600000001 
340 0.003648693600000001 
341 0.0046622196 
342 0.0050000616 
343 0.0045946512 
344 0.0045946512 
345 0.006081156000000001 
346 0.005743314 
347 0.007364955600000002 
348 0.007364955600000002 
349 0.007905502800000002 
350 0.006081156000000001 
351 0.006081156000000001 
352 0.0049324932000000005 
353 0.0045946512 
354 0.0035811252000000006 
355 0.003648693600000001 
356 0.003445988400000001 
357 0.003378420000000001 
358 0.0035811252000000006 
359 0.003378420000000001 
360 0.0025000308000000006 
361 0.003648693600000001 
362 0.003445988400000001 
363 0.0025675992000000008 
364 0.0025675992000000008 
365 0.0027703044000000005 
366 0.0029730096 
367 0.0033108516000000003 
368 0.004189240800000001 
369 0.004189240800000001 
370 0.0052027668000000004 
371 0.005540608800000001 
372 0.006689271600000001 
373 0.006689271600000001 
374 0.008446050000000002 
375 0.008108208000000002 
376 0.007905502800000002 
377 0.008446050000000002 
378 0.008446050000000002 
379 0.007905502800000002 
380 0.0065541348 
381 0.0065541348 
382 0.005405472 
383 0.0050000616 
384 0.0050000616 
385 0.0039865356000000005 
386 0.003648693600000001 
387 0.0027703044000000005 
388 0.0031081464000000006 
389 0.0030405780000000004 
390 0.003648693600000001 
391 0.004662219600000001 
392 0.0052027668000000004 
393 0.004189240800000001 
394 0.0033108516000000003 
395 0.0038513988000000005 
396 0.0052027668000000004 
397 0.0052027668000000004 
398 0.0038513988000000005 
399 0.0038513988000000005 
400 0.0038513988000000005 
401 0.0029730096 
402 0.0038513988000000005 
403 0.0038513988000000005 
404 0.003648693600000001 
405 0.003648693600000001 
406 0.0046622196 
407 0.0050000616 
408 0.0061487244000000005 
409 0.007905502800000002 
410 0.007837934400000001 
411 0.009864986400000001 
412 0.011486628000000002 
413 0.012229880400000002 
414 0.013919090400000002 
415 0.014121795600000002 
416 0.012432585600000002 
417 0.013919090400000002 
418 0.012229880400000002 
419 0.012432585600000002 
420 0.011689333200000002 
421 0.012432585600000002 
422 0.014121795600000002 
423 0.012027175200000002 
424 0.012500154000000001 
425 0.009864986400000001 
426 0.008446050000000002 
427 0.006689271600000001 
428 0.005540608800000001 
429 0.0031081464000000006 
430 0.0011486628 
431 0.0019594836000000003 
432 0.0012837996000000002 
433 0.0014189364000000001 
434 0.0027703044000000005 
435 0.003986535600000001 
436 0.003986535600000001 
437 0.004189240800000001 
438 0.0052027668000000004 
439 0.0052027668000000004 
440 0.0054730404 
441 0.0054730404 
442 0.007229818800000001 
443 0.0060135876 
444 0.0071622504 
445 0.00675684 
446 0.010067691600000003 
447 0.0086487552 
448 0.008716323599999999 
449 0.0110136492 
450 0.0110136492 
451 0.013581248400000002 
452 0.016419121200000004 
453 0.015000184800000003 
454 0.013648816800000001 
455 0.015202890000000002 
456 0.015202890000000002 
457 0.014121795600000002 
458 0.011554196400000003 
459 0.010878512400000002 
460 0.010878512400000002 
461 0.010675807200000002 
462 0.008716323600000003 
463 0.008108208000000002 
464 0.0054730404 
465 0.003986535600000001 
466 0.006689271600000001 
467 0.008108208000000002 
468 0.009527144400000001 
469 0.009932554800000002 
470 0.012229880400000002 
471 0.012229880400000002 
472 0.014797479600000003 
473 0.014729911200000003 
474 0.014797479600000003 
475 0.013919090400000002 
476 0.011351491200000003 
477 0.011486628000000002 
478 0.011486628000000002 
479 0.011486628000000002 
480 0.012162312000000002 
481 0.009932554800000002 
482 0.008513618400000002 
483 0.008108208000000002 
484 0.0068244084 
485 0.006351429600000001 
486 0.0052027668000000004 
487 0.0052027668000000004 
488 0.0038513988000000005 
489 0.0038513988000000005 
490 0.0029730096 
491 0.0027703044000000005 
492 0.0027703044000000005 
493 0.0023648940000000006 
494 0.0023648940000000006 
495 0.0023648940000000006 
496 0.0031081464000000006 
497 0.0033108516000000003 
498 0.004189240800000001 
499 0.0029730096 
500 0.0038513988000000005 
501 0.003648693600000001 
502 0.0025675992000000008 
503 0.0025675992000000008 
504 0.0027703044000000005 
505 0.0018243468000000004 
506 0.0020270520000000005 
507 0.001351368 
508 0.0006756840000000001 
509 0.0006756840000000001 
510 0.00040541039999999996 
511 0.0006756840000000001 
512 0.0006756840000000001 
513 0.0010810944 
514 0.0010810944 
515 0.0011486628 
516 0.0018243468000000004 
517 0.0020270520000000005 
518 0.0020270520000000005 
519 0.0025675992000000008 
520 0.0018243468000000004 
521 0.0017567784000000004 
522 0.0010810944 
523 0.0010810944 
524 0.0006081156000000001 
525 0.0006756840000000001 
526 0.0006756840000000001 
527 0.0008783892000000001 
528 0.0008783892000000001 
529 0.0012162312000000002 
530 0.0008783892000000001 
531 0.0012162312000000002 
532 0.00168921 
533 0.0017567784000000002 
534 0.0022297572 
535 0.0022297572 
536 0.0028378728000000002 
537 0.0017567784000000002 
538 0.0023648940000000006 
539 0.0017567784000000002 
540 0.001351368 
541 0.001351368 
542 0.0008783892000000001 
543 0.0006756840000000001 
544 0.0006756840000000001 
545 0.0011486628 
546 0.0011486628 
547 0.0011486628 
548 0.0008783892000000001 
549 0.0008783892000000001 
550 0.0014189364000000001 
551 0.0017567784000000002 
552 0.0017567784000000002 
553 0.0023648940000000006 
554 0.0023648940000000006 
555 0.0017567784000000002 
556 0.0017567784000000002 
557 0.0017567784000000002 
558 0.0012162312000000002 
559 0.0008783892000000001 
560 0.0008783892000000001 
561 0.0006756840000000001 
562 0.0006756840000000001 
563 0.0006756840000000001 
564 0.0006756840000000001 
565 0.00040541039999999996 
566 0.00040541039999999996 
567 0.0004054104 
568 0.0006081156 
569 0.0009459576000000001 
570 0.0009459576000000001 
571 0.0014189364000000001 
572 0.00168921 
573 0.0022973256000000004 
574 0.0022973256000000004 
575 0.0022973256000000004 
576 0.0035135568000000004 
577 0.0035135568000000004 
578 0.0035135568000000004 
579 0.0035135568000000004 
580 0.0035135568000000004 
581 0.0022973256000000004 
582 0.0022973256000000004 
583 0.00168921 
584 0.001351368 
585 0.0008783892000000001 
586 0.0008783892000000001 
587 0.0005405472 
588 0.0001351368 
589 0.000337842 
590 0.000337842 
591 0.0006081156 
592 0.000337842 
593 0.0006081156 
594 0.0008783892000000001 
595 0.001351368 
596 0.0008783892000000001 
597 0.0014189364000000001 
598 0.0009459576000000001 
599 0.0009459576000000001 
600 0.0009459576000000001 
601 0.0011486628000000002 
602 0.0016216416 
603 0.0019594836 
604 0.0019594836 
605 0.0019594836 
606 0.0014865048000000003 
607 0.0024324624 
608 0.0019594836 
609 0.0016216416 
610 0.0019594836 
611 0.002905441200000001 
612 0.0025675992000000003 
613 0.0025675992000000003 
614 0.0019594836 
615 0.0019594836 
616 0.0014189364000000001 
617 0.0011486628000000002 
618 0.0011486628000000002 
619 0.0004054104 
620 0.0004054104 
621 0.0004054104 
622 0.000337842 
623 0.0009459576000000001 
624 0.0009459576000000001 
625 0.0014189364000000001 
626 0.0017567784000000002 
627 0.0017567784000000002 
628 0.0019594836 
629 0.0016216416 
630 0.0019594836 
631 0.0024324624 
632 0.0024324624 
633 0.0019594836 
634 0.0019594836 
635 0.0016216416 
636 0.0011486628000000002 
637 0.0014189364000000001 
638 0.0014189364000000001 
639 0.0009459576000000001 
640 0.0009459576000000001 
641 0.0004054104 
642 0.0004054104 
643 0.0006081156 
644 0.0011486628000000002 
645 0.0009459576000000001 
646 0.0014189364000000001 
647 0.0017567784000000002 
648 0.0023648940000000006 
649 0.0025675992000000003 
650 0.0037838304000000003 
651 0.0041216724 
652 0.003648693600000001 
653 0.002905441200000001 
654 0.002905441200000001 
655 0.0033784200000000005 
656 0.0041216724 
657 0.0041216724 
658 0.005000061600000001 
659 0.005000061600000001 
660 0.005270335200000001 
661 0.004662219600000001 
662 0.0044595144000000005 
663 0.0037838304000000003 
664 0.0037838304000000003 
665 0.0025675992000000003 
666 0.0023648940000000006 
667 0.0019594836 
668 0.0016216416 
669 0.0011486628000000002 
670 0.0011486628000000002 
671 0.0011486628000000002 
672 0.0012837996000000002 
673 0.0009459576000000001 
674 0.0012837996000000002 
675 0.0012837996000000002 
676 0.00168921 
677 0.00168921 
678 0.00168921 
679 0.0020270520000000005 
680 0.0020270520000000005 
681 0.0020270520000000005 
682 0.0027703044000000005 
683 0.0027703044000000005 
684 0.0029730096 
685 0.0027703044000000005 
686 0.0027703044000000005 
687 0.0020270520000000005 
688 0.0023648940000000006 
689 0.0022973256000000004 
690 0.0022973256000000004 
691 0.0027703044000000005 
692 0.00168921 
693 0.0021621888 
694 0.00168921 
695 0.0017567784000000002 
696 0.0014189364000000001 
697 0.0009459576000000001 
698 0.0007432524000000002 
699 0.0007432524000000002 
700 0.0006756840000000001 
701 0.000337842 
702 0.0004054104 
703 0.0004054104 
704 0.0006081156 
705 0.0008108208 
706 0.0014865048000000003 
707 0.0011486628000000002 
708 0.0016216415999999998 
709 0.0016216415999999998 
710 0.0022297572000000002 
711 0.0029730096 
712 0.0027703044000000005 
713 0.0027703044000000005 
714 0.0033108516000000003 
715 0.0033108516000000003 
716 0.0029730096 
717 0.0038513988000000005 
718 0.004189240800000001 
719 0.0052027668000000004 
720 0.0052027668000000004 
721 0.0048649248 
722 0.0048649248 
723 0.0038513988000000005 
724 0.003648693600000001 
725 0.0046622196 
726 0.003648693600000001 
727 0.003648693600000001 
728 0.0035811252000000006 
729 0.003378420000000001 
730 0.0025000308000000006 
731 0.0025000308000000006 
732 0.0025000308000000006 
733 0.0017567784000000004 
734 0.0027703044000000005 
735 0.0027027360000000003 
736 0.0017567784000000004 
737 0.0020270520000000005 
738 0.0020270520000000005 
739 0.0017567784000000004 
740 0.0012162312 
741 0.0014189364 
742 0.0012162312 
743 0.0012162312 
744 0.0007432524 
745 0.0007432524 
746 0.0007432524 
747 0.0007432524 
748 0.0007432524 
749 0.00040541039999999996 
750 0.00040541039999999996 
751 0.00040541039999999996 
752 0.0006081156 
753 0.00040541039999999996 
754 0.0002027052 
755 0.0002027052 
756 0.0004054104 
757 0.0002027052 
758 0.0001351368 
759 6.75684e-5 
760 0.0001351368 
761 0.0002027052 
762 0.000337842 
763 0.000337842 
764 0.0006756840000000001 
765 0.0007432524000000002 
766 0.0007432524000000002 
767 0.0012162312 
768 0.0014189364000000001 
769 0.0014189364000000001 
770 0.0014189364000000001 
771 0.0014189364000000001 
772 0.0017567784000000002 
773 0.0017567784000000002 
774 0.0014189364000000001 
775 0.0014189364000000001 
776 0.0012162312 
777 0.0012162312 
778 0.0012162312 
779 0.0012162312 
780 0.0012162312 
781 0.001351368 
782 0.001351368 
783 0.001351368 
784 0.0019594836000000003 
785 0.0020270520000000005 
786 0.0020270520000000005 
787 0.0014189364000000001 
788 0.0014189364000000001 
789 0.0014189364000000001 
790 0.001351368 
791 0.0019594836000000003 
792 0.001351368 
793 0.001351368 
794 0.0014189364000000001 
795 0.0019594836000000003 
796 0.001351368 
797 0.0014189364000000001 
798 0.0020270520000000005 
799 0.0020270520000000005 
800 0.0014189364000000001 
801 0.0019594836 
802 0.0019594836 
803 0.0022973256000000004 
804 0.0019594836 
805 0.0019594836 
806 0.0016216416 
807 0.0019594836 
808 0.0023648940000000006 
809 0.0025675992000000003 
810 0.0035811252 
811 0.0037838304000000003 
812 0.0035811252 
813 0.0025675992000000003 
814 0.0023648940000000006 
815 0.0025675992000000003 
816 0.0025675992000000003 
817 0.002905441200000001 
818 0.0022973256000000004 
819 0.0027703044 
820 0.0033784200000000005 
821 0.0027703044 
822 0.0027703044 
823 0.004459514400000001 
824 0.004459514400000001 
825 0.0038513988000000005 
826 0.004594651200000001 
827 0.0036486936000000004 
828 0.0033784200000000005 
829 0.0036486936000000004 
830 0.0036486936000000004 
831 0.0033108516000000003 
832 0.0029054412000000004 
833 0.0029054412000000004 
834 0.0019594836 
835 0.0016216415999999998 
836 0.0011486628000000002 
837 0.0011486628000000002 
838 0.0009459576000000001 
839 0.0006081156 
840 0.0011486628000000002 
841 0.0011486628000000002 
842 0.0011486628000000002 
843 0.0009459576000000001 
844 0.0007432524000000002 
845 0.0007432524000000002 
846 0.0007432524000000002 
847 0.0004054104 
848 0.0006756840000000001 
849 0.0006756840000000001 
850 0.000337842 
851 0.000337842 
852 0.0007432524000000002 
853 0.0007432524000000002 
854 0.000337842 
855 0.000337842 
856 0.0006756840000000001 
857 0.000337842 
858 0.000337842 
859 0.0005405472 
860 0.0001351368 
861 0.0001351368 
862 0.0001351368 
863 0.0001351368 
864 0.0001351368 
865 0.0001351368 
866 0.0001351368 
867 0.0001351368 
868 0.0001351368 
869 0.0005405472 
870 0.0005405472 
871 0.0012162312000000002 
872 0.0008783892000000001 
873 0.0012162312000000002 
874 0.0008783892000000001 
875 0.0008783892000000001 
876 0.0012162312000000002 
877 0.0008783892000000001 
878 0.0009459576000000001 
879 0.0008783892000000001 
880 0.0008783892000000001 
881 0.0014189364000000001 
882 0.0007432524 
883 0.0009459576000000001 
884 0.0014189364000000001 
885 0.0014189364000000001 
886 0.0014189364000000001 
887 0.0014189364000000001 
888 0.0023648940000000006 
889 0.0022973256000000004 
890 0.00168921 
891 0.00168921 
892 0.0027703044000000005 
893 0.0021621888 
894 0.0021621888 
895 0.0021621888 
896 0.0021621888 
897 0.0021621888 
898 0.0017567784000000002 
899 0.0023648940000000006 
900 0.0017567784000000002 
901 0.0017567784000000002 
902 0.0020270520000000005 
903 0.0023648940000000006 
904 0.0014189364000000001 
905 0.0014189364000000001 
906 0.0020270520000000005 
907 0.0020270520000000005 
908 0.0012162312 
909 0.0020270520000000005 
910 0.0020270520000000005 
911 0.0020270520000000005 
912 0.0019594836000000003 
913 0.0019594836000000003 
914 0.0027703044000000005 
915 0.0019594836000000003 
916 0.0019594836000000003 
917 0.001351368 
918 0.001351368 
919 0.001351368 
920 0.001351368 
921 0.0009459576000000001 
922 0.0009459576000000001 
923 0.0014189364000000001 
924 0.0009459576000000001 
925 0.0011486628000000002 
926 0.0011486628000000002 
927 0.0011486628000000002 
928 0.0011486628000000002 
929 0.0014865048000000003 
930 0.0014865048000000003 
931 0.0014865048000000003 
932 0.0014865048000000003 
933 0.0019594836 
934 0.0022973256 
935 0.0019594836 
936 0.0016216415999999998 
937 0.0029054412000000004 
938 0.0029054412000000004 
939 0.0025675992000000003 
940 0.0029054412000000004 
941 0.0036486936000000004 
942 0.0025675992000000003 
943 0.0029730096 
944 0.0029730096 
945 0.0029730096 
946 0.0038513988000000005 
947 0.0038513988000000005 
948 0.004189240800000001 
949 0.0036486936000000004 
950 0.004527082800000001 
951 0.004527082800000001 
952 0.005540608800000001 
953 0.005540608800000001 
954 0.0052027668000000004 
955 0.006689271600000001 
956 0.007973071200000003 
957 0.007973071200000003 
958 0.007635229200000002 
959 0.007297387200000002 
960 0.007297387200000002 
961 0.0070946820000000015 
962 0.0058108824 
963 0.0060135876 
964 0.0046622196 
965 0.0044595144 
966 0.0048649248 
967 0.003648693600000001 
968 0.003648693600000001 
969 0.0027703044000000005 
970 0.0029730096 
971 0.0027703044000000005 
972 0.0025675992000000008 
973 0.0020270520000000005 
974 0.0022297572000000002 
975 0.0020270520000000005 
976 0.0020270520000000005 
977 0.0022297572000000002 
978 0.0020270520000000005 
979 0.0012162312 
980 0.0014189364 
981 0.0016216415999999998 
982 0.0014189364 
983 0.0012162312 
984 0.0007432524 
985 0.0007432524 
986 0.0007432524 
987 0.0007432524 
988 0.00040541039999999996 
989 0.00040541039999999996 
990 0.00040541039999999996 
991 0.00040541039999999996 
992 0.0006081156 
993 0.00040541039999999996 
994 0.0002027052 
995 0.0004054104 
996 0.0002027052 
997 0.0001351368 
998 6.75684e-5 
999 0.000337842 
1000 6.75684e-5 
1001 6.75684e-5 
1002 6.75684e-5 
1003 0.0002702736 
1004 6.75684e-5 
1005 0.0001351368 
1006 0.000337842 
1007 0.000337842 
1008 0.0001351368 
1009 0.0001351368 
1010 0.000337842 
1011 0.000337842 
1012 0.000337842 
1013 0.000337842 
1014 0.000337842 
1015 0.0005405472 
1016 0.000337842 
1017 0.000337842 
1018 0.0005405472 
1019 0.0005405472 
1020 0.0008783892000000001 
1021 0.0008783892000000001 
1022 0.0005405472 
1023 0.0005405472 
1024 0.0005405472 
1025 0.0006756840000000001 
1026 0.0007432524000000002 
1027 0.0006756840000000001 
1028 0.0006756840000000001 
1029 0.0007432524000000002 
1030 0.0009459576000000001 
1031 0.0009459576000000001 
1032 0.0011486628000000002 
1033 0.0007432524000000002 
1034 0.0007432524000000002 
1035 0.0006756840000000001 
1036 0.0006756840000000001 
1037 0.0007432524000000002 
1038 0.0007432524000000002 
1039 0.0008783892000000001 
1040 0.0008783892000000001 
1041 0.0012162312000000002 
1042 0.0012162312000000002 
1043 0.00168921 
1044 0.0021621888 
1045 0.0027703044000000005 
1046 0.0022973256000000004 
1047 0.0031081464000000006 
1048 0.0031081464000000006 
1049 0.0031081464000000006 
1050 0.003648693600000001 
1051 0.0029730096 
1052 0.0027703044000000005 
1053 0.0027703044000000005 
1054 0.0027027360000000003 
1055 0.003648693600000001 
1056 0.0049324932000000005 
1057 0.0049324932000000005 
1058 0.0049324932000000005 
1059 0.0049324932000000005 
1060 0.003918967200000001 
1061 0.003918967200000001 
1062 0.0035811252000000006 
1063 0.0027027360000000003 
1064 0.0027703044000000005 
1065 0.0019594836000000003 
1066 0.0020270520000000005 
1067 0.0018243468000000004 
1068 0.0025675992000000008 
1069 0.0027703044000000005 
1070 0.0027703044000000005 
1071 0.003648693600000001 
1072 0.003986535600000001 
1073 0.0050000616 
1074 0.0052027668000000004 
1075 0.0048649248 
1076 0.0038513988000000005 
1077 0.0038513988000000005 
1078 0.0029730096 
1079 0.0027703044000000005 
1080 0.0020270520000000005 
1081 0.0020270520000000005 
1082 0.0014189364000000001 
1083 0.0023648940000000006 
1084 0.0023648940000000006 
1085 0.0031081464000000006 
1086 0.0027703044000000005 
1087 0.0027703044000000005 
1088 0.0038513988000000005 
1089 0.003648693600000001 
1090 0.003648693600000001 
1091 0.003648693600000001 
1092 0.0027703044000000005 
1093 0.0027703044000000005 
1094 0.0027027360000000003 
1095 0.0027027360000000003 
1096 0.0030405780000000004 
1097 0.0031081464000000006 
1098 0.0039865356000000005 
1099 0.0039865356000000005 
1100 0.003918967200000001 
1101 0.0039865356000000005 
1102 0.0039865356000000005 
1103 0.003918967200000001 
1104 0.0035811252000000006 
1105 0.0035811252000000006 
1106 0.0035811252000000006 
1107 0.003648693600000001 
1108 0.0046622196 
1109 0.0046622196 
1110 0.0046622196 
1111 0.0046622196 
1112 0.0046622196 
1113 0.0046622196 
1114 0.0046622196 
1115 0.0050000616 
1116 0.0050000616 
1117 0.0058108824 
1118 0.0046622196 
1119 0.0061487244000000005 
1120 0.0061487244000000005 
1121 0.0061487244000000005 
1122 0.006283861200000001 
1123 0.0056757456000000005 
1124 0.0044595144000000005 
1125 0.0044595144000000005 
1126 0.0035811252 
1127 0.0031081464000000006 
1128 0.0031081464000000006 
1129 0.0035811252 
1130 0.0028378728000000002 
1131 0.0028378728000000002 
1132 0.0028378728000000002 
1133 0.0022297572 
1134 0.0028378728000000002 
1135 0.0023648940000000006 
1136 0.0023648940000000006 
1137 0.0017567784000000002 
1138 0.0017567784000000002 
1139 0.0012162312000000002 
1140 0.0012162312000000002 
1141 0.0008783892000000001 
1142 0.0012162312000000002 
1143 0.0012162312000000002 
1144 0.0012162312000000002 
1145 0.0017567784000000002 
1146 0.0017567784000000002 
1147 0.0017567784000000002 
1148 0.0028378728000000002 
1149 0.0028378728000000002 
1150 0.0034459884000000007 
1151 0.0028378728000000002 
1152 0.0028378728000000002 
1153 0.0028378728000000002 
1154 0.0031081464000000006 
1155 0.0035811252 
1156 0.0044595144000000005 
1157 0.005270335200000001 
1158 0.005270335200000001 
1159 0.006283861200000001 
1160 0.006283861200000001 
1161 0.007432524000000001 
1162 0.008175776400000001 
1163 0.008175776400000001 
1164 0.009459576000000003 
1165 0.008716323600000003 
1166 0.008716323600000003 
1167 0.008716323600000003 
1168 0.008716323600000003 
1169 0.008716323600000003 
1170 0.008716323600000003 
1171 0.008175776400000001 
1172 0.008175776400000001 
1173 0.008175776400000001 
1174 0.007027113600000001 
1175 0.0079055028 
1176 0.007027113600000001 
1177 0.0079055028 
1178 0.006891976800000001 
1179 0.006891976800000001 
1180 0.006013587600000001 
1181 0.005135198400000001 
1182 0.004391946000000001 
1183 0.004391946000000001 
1184 0.004391946000000001 
1185 0.005135198400000001 
1186 0.004391946000000001 
1187 0.004391946000000001 
1188 0.005270335200000001 
1189 0.005270335200000001 
1190 0.0056757456000000005 
1191 0.006283861200000001 
1192 0.006824408400000001 
1193 0.007432524000000001 
1194 0.006283861200000001 
1195 0.007027113600000001 
1196 0.007027113600000001 
1197 0.006013587600000001 
1198 0.006891976800000001 
1199 0.006891976800000001 
1200 0.006891976800000001 
1201 0.006013587600000001 
1202 0.007027113600000001 
1203 0.007027113600000001 
1204 0.0079055028 
1205 0.0079055028 
1206 0.0090541656 
1207 0.0090541656 
1208 0.008175776400000001 
1209 0.008175776400000001 
1210 0.007027113600000001 
1211 0.007027113600000001 
1212 0.007027113600000001 
1213 0.006013587600000001 
1214 0.006013587600000001 
1215 0.006891976800000001 
1216 0.006891976800000001 
1217 0.006891976800000001 
1218 0.0079055028 
1219 0.006013587600000001 
1220 0.006891976800000001 
1221 0.006013587600000001 
1222 0.006013587600000001 
1223 0.006013587600000001 
1224 0.007027113600000001 
1225 0.007027113600000001 
1226 0.008175776400000001 
1227 0.008175776400000001 
1228 0.0090541656 
1229 0.0090541656 
1230 0.0079055028 
1231 0.0089190288 
1232 0.0089190288 
1233 0.0089190288 
1234 0.0089190288 
1235 0.0079055028 
1236 0.0079055028 
1237 0.0079055028 
1238 0.0089190288 
1239 0.0089190288 
1240 0.010067691600000001 
1241 0.011554196400000001 
1242 0.010405533600000001 
1243 0.0092568708 
1244 0.010405533600000001 
1245 0.010405533600000001 
1246 0.010067691600000001 
1247 0.0090541656 
1248 0.0090541656 
1249 0.0090541656 
1250 0.008175776400000001 
1251 0.009797418000000002 
1252 0.009797418000000002 
1253 0.008175776400000001 
1254 0.008716323600000003 
1255 0.009054165600000002 
1256 0.007432524000000001 
1257 0.009459576000000003 
1258 0.008175776400000001 
1259 0.008175776400000001 
1260 0.008716323600000003 
1261 0.007432524000000001 
1262 0.007432524000000001 
1263 0.006283861200000001 
1264 0.006283861200000001 
1265 0.006283861200000001 
1266 0.006013587600000001 
1267 0.006013587600000001 
1268 0.005135198400000001 
1269 0.006891976800000001 
1270 0.006013587600000001 
1271 0.006013587600000001 
1272 0.006891976800000001 
1273 0.006891976800000001 
1274 0.0079055028 
1275 0.006891976800000001 
1276 0.0079055028 
1277 0.0079055028 
1278 0.007027113600000001 
1279 0.006283861200000001 
1280 0.006824408400000001 
1281 0.0056757456000000005 
1282 0.0054730404 
1283 0.0054730404 
1284 0.0044595144000000005 
1285 0.005270335200000001 
1286 0.004391946000000001 
1287 0.004391946000000001 
1288 0.003648693600000001 
1289 0.004391946000000001 
1290 0.004391946000000001 
1291 0.0037838304000000003 
1292 0.0037838304000000003 
1293 0.004189240800000001 
1294 0.004662219600000001 
1295 0.004662219600000001 
1296 0.005270335200000001 
1297 0.004391946000000001 
1298 0.004391946000000001 
1299 0.003648693600000001 
1300 0.004391946000000001 
1301 0.0035811252 
1302 0.0035811252 
1303 0.0044595144000000005 
1304 0.0039865356000000005 
1305 0.0039865356000000005 
1306 0.0050000616 
1307 0.0050000616 
1308 0.0050000616 
1309 0.0050000616 
1310 0.0050000616 
1311 0.0044595144000000005 
1312 0.0039865356000000005 
1313 0.0039865356000000005 
1314 0.0031081464000000006 
1315 0.0031081464000000006 
1316 0.0023648940000000006 
1317 0.0028378728000000002 
1318 0.0028378728000000002 
1319 0.0028378728000000002 
1320 0.0034459884000000007 
1321 0.003648693600000001 
1322 0.004391946000000001 
1323 0.0037838304000000003 
1324 0.005270335200000001 
1325 0.004662219600000001 
1326 0.006283861200000001 
1327 0.0056757456000000005 
1328 0.006283861200000001 
1329 0.006283861200000001 
1330 0.005270335200000001 
1331 0.006013587600000001 
1332 0.006013587600000001 
1333 0.006891976800000001 
1334 0.006891976800000001 
1335 0.006013587600000001 
1336 0.0079055028 
1337 0.007027113600000001 
1338 0.007027113600000001 
1339 0.0090541656 
1340 0.009459576000000003 
1341 0.010337965200000002 
1342 0.010337965200000002 
1343 0.010337965200000002 
1344 0.011351491200000001 
1345 0.010337965200000002 
1346 0.0090541656 
1347 0.008175776400000001 
1348 0.009459576000000003 
1349 0.008175776400000001 
1350 0.008716323600000003 
1351 0.008175776400000001 
1352 0.008175776400000001 
1353 0.007432524000000001 
1354 0.006283861200000001 
1355 0.006283861200000001 
1356 0.006283861200000001 
1357 0.007432524000000001 
1358 0.006283861200000001 
1359 0.006283861200000001 
1360 0.006283861200000001 
1361 0.005270335200000001 
1362 0.005270335200000001 
1363 0.004391946000000001 
1364 0.004391946000000001 
1365 0.003648693600000001 
1366 0.0028378728000000002 
1367 0.0028378728000000002 
1368 0.0022297572 
1369 0.0017567784000000002 
1370 0.0022297572 
1371 0.0012837996000000002 
1372 0.0017567784000000002 
1373 0.00168921 
1374 0.00168921 
1375 0.001351368 
1376 0.0008783892000000001 
1377 0.001351368 
1378 0.00168921 
1379 0.0017567784000000002 
1380 0.0017567784000000002 
1381 0.0023648940000000006 
1382 0.0017567784000000002 
1383 0.0017567784000000002 
1384 0.0017567784000000002 
1385 0.0017567784000000002 
1386 0.0012837996000000002 
1387 0.0017567784000000002 
1388 0.0017567784000000002 
1389 0.0012162312000000002 
1390 0.0012162312000000002 
1391 0.0012162312000000002 
1392 0.0012162312000000002 
1393 0.0012162312000000002 
1394 0.0012162312000000002 
1395 0.0012162312000000002 
1396 0.0012162312000000002 
1397 0.0008783892000000001 
1398 0.0012162312000000002 
1399 0.0012162312000000002 
1400 0.0008783892000000001 
1401 0.0008783892000000001 
1402 0.0008783892000000001 
1403 0.0008783892000000001 
1404 0.0008783892000000001 
1405 0.0008783892000000001 
1406 0.0005405472 
1407 0.0008783892000000001 
1408 0.0008783892000000001 
1409 0.0008783892000000001 
1410 0.001351368 
1411 0.001351368 
1412 0.001351368 
1413 0.001351368 
1414 0.0017567784000000004 
1415 0.0017567784000000004 
1416 0.0017567784000000004 
1417 0.0018243468000000004 
1418 0.0018243468000000004 
1419 0.0014865048000000003 
1420 0.0014865048000000003 
1421 0.0016216416 
1422 0.0019594836 
1423 0.0023648940000000006 
1424 0.0030405780000000004 
1425 0.0031081464000000006 
1426 0.0060135876 
1427 0.007770366000000001 
1428 0.012027175200000002 
1429 0.0103379652 
1430 0.0168921 
1431 0.021148909200000003 
1432 0.04277079720000001 
1433 0.05648718240000001 
1434 0.08337940560000001 
1435 0.08946056160000002 
1436 0.09952825320000003 
1437 0.11533925880000002 
1438 0.1499342796 
1439 0.15905601360000005 
1440 0.21175936560000003 
1441 0.22770550800000003 
1442 0.2203405524 
1443 0.23473262160000005 
1444 0.28520621640000005 
1445 0.27358445160000006 
1446 0.3141930600000001 
1447 0.2684492532 
1448 0.2077052616 
1449 0.15621814080000002 
1450 0.11006892360000001 
1451 0.06898733640000002 
1452 0.04033833480000001 
1453 0.027703044000000003 
1454 0.014392069200000003 
1455 0.006081156000000001 
1456 0.0060135876 
1457 0.0063514296000000015 
1458 0.014121795600000002 
1459 0.020540793600000003 
1460 0.029392254000000007 
1461 0.037905872400000006 
1462 0.062027791200000015 
1463 0.06743326320000001 
1464 0.05770341360000002 
1465 0.07331171400000001 
1466 0.10925810280000002 
1467 0.14283959760000003 
1468 0.16925884200000002 
1469 0.14986671120000003 
1470 0.17925896520000004 
1471 0.13148810640000003 
1472 0.09304168680000002 
1473 0.08141992200000002 
1474 0.05871693960000001 
1475 0.06520350600000001 
1476 0.05148712080000001 
1477 0.02628410760000001 
1478 0.015000184800000003 
1479 0.027905749200000003 
1480 0.016283984400000003 
1481 0.007635229200000002 
1482 0.013108269600000002 
1483 0.0085136184 
1484 0.0022297572000000002 
1485 0.0052027668000000004 
1486 0.007432524000000001 
1487 0.0175002156 
1488 0.019865109600000003 
1489 0.026689518000000006 
1490 0.035540978400000006 
1491 0.056419614000000014 
1492 0.077365818 
1493 0.11979877320000003 
1494 0.1517586264 
1495 0.2095296084 
1496 0.261489708 
1497 0.2968955496000001 
1498 0.3476394180000001 
1499 0.3212877420000001 
1500 0.3437880192000001 
1501 0.3101389560000001 
1502 0.24013809360000007 
1503 0.22392167760000004 
1504 0.24236785080000006 
1505 0.18581310000000006 
1506 0.15682625640000003 
1507 0.16006953959999998 
1508 0.1964213388 
1509 0.23844888360000005 
1510 0.31115248200000006 
1511 0.3666937068000001 
1512 0.3914913096 
1513 0.3093281352 
1514 0.2743952724 
1515 0.33953121 
1516 0.3720316104000001 
1517 0.3058145784000001 
1518 0.23534073720000004 
1519 0.22439465640000003 
1520 0.17642109240000003 
1521 0.16702908480000003 
1522 0.17061021000000004 
1523 0.13189351680000003 
1524 0.10594725120000001 
1525 0.0684467892 
1526 0.05905478160000001 
1527 0.06763596840000001 
1528 0.1025012628 
1529 0.107433756 
1530 0.1554748884 
1531 0.1952051076 
1532 0.26736815880000003 
1533 0.30365238960000007 
1534 0.3809506392000001 
1535 0.3897345312000001 
1536 0.3455447976 
1537 0.36419367600000013 
1538 0.442235178 
1539 0.5265605412000001 
1540 0.6237914688000001 
1541 0.6757515684000002 
1542 0.5763584520000001 
1543 0.4963574664000001 
1544 0.5105468304000002 
1545 0.42601876200000005 
1546 0.3855452904 
1547 0.41284292400000006 
1548 0.404396874 
1549 0.44777578680000013 
1550 0.48865466880000014 
1551 0.45304612200000005 
1552 0.45872186760000006 
1553 0.5495337972000002 
1554 0.5547365640000002 
1555 0.4641273396000001 
1556 0.3648693600000001 
1557 0.28290889080000003 
1558 0.21013772400000003 
1559 0.18797528880000003 
1560 0.24446247120000006 
1561 0.24831387000000005 
1562 0.3195985320000001 
1563 0.2789899236000001 
1564 0.25148958480000005 
1565 0.3165579540000001 
1566 0.3913561728 
1567 0.4490595864000001 
1568 0.4206808584000001 
1569 0.4245998256000001 
1570 0.5271010884000001 
1571 0.5574393000000002 
1572 0.5682502440000001 
1573 0.6899409324000001 
1574 0.8375103180000003 
1575 1.0132557264000002 
1576 1.0842025464000002 
1577 1.2517721784000004 
1578 1.3330569636000005 
1579 1.186163262 
1580 0.9984582468000001 
1581 0.9672416460000002 
1582 0.8654836356000001 
1583 0.7422388740000001 
1584 0.7660905192000003 
1585 0.6947382888000001 
1586 0.5755476312000001 
1587 0.5111549460000001 
1588 0.5392634004 
1589 0.5060873160000001 
1590 0.47635722000000014 
1591 0.5523041016000001 
1592 0.4795329348000001 
1593 0.5331146760000002 
1594 0.5125738824000001 
1595 0.5928451416000001 
1596 0.5550068376000001 
1597 0.49014117360000015 
1598 0.3943967508000001 
1599 0.3923021304 
1600 0.4371675480000001 
1601 0.3844641960000001 
1602 0.3368960424000001 
1603 0.2585842668000001 
1604 0.2082458088 
1605 0.1679750424 
1606 0.12027175200000004 
1607 0.10223098920000001 
1608 0.06783867360000001 
1609 0.06520350600000001 
1610 0.0441897336 
1611 0.061960222800000006 
1612 0.05702772960000001 
1613 0.031013895600000008 
1614 0.020067814800000007 
1615 0.012500154000000003 
1616 0.011351491200000001 
1617 0.009797418 
1618 0.007229818800000001 
1619 0.009054165600000002 
1620 0.0045946512 
1621 0.0060135876 
1622 0.0060135876 
1623 0.0033108516000000003 
1624 0.0055406088 
1625 0.004662219600000001 
1626 0.003918967200000001 
1627 0.0039865356000000005 
1628 0.004189240800000001 
1629 0.0033108516000000003 
1630 0.004189240800000001 
1631 0.004189240800000001 
1632 0.0025675992000000003 
1633 0.0020270520000000005 
1634 0.0019594836 
1635 0.0014189364000000001 
1636 0.0017567784000000002 
1637 0.0011486628000000002 
1638 0.0014865048000000003 
1639 0.0011486628000000002 
1640 0.00040541039999999996 
1641 0.0012162312 
1642 0.0012162312 
1643 0.0018243468000000004 
1644 0.0018243468000000004 
1645 0.0020270520000000005 
1646 0.0031081464000000006 
1647 0.0028378728000000002 
1648 0.004189240800000001 
1649 0.006689271600000001 
1650 0.005067630000000002 
1651 0.006081156000000001 
1652 0.0054730404 
1653 0.003986535600000001 
1654 0.0027703044000000005 
1655 0.0025675992000000008 
1656 0.0020270520000000005 
1657 0.0012162312 
1658 0.0012162312 
1659 0.0014189364000000001 
1660 0.0014189364000000001 
1661 0.0025000308000000006 
1662 0.0024324624000000004 
1663 0.0033108516000000007 
1664 0.003378420000000001 
1665 0.0025000308000000006 
1666 0.0024324624000000004 
1667 0.0024324624000000004 
1668 0.0025000308000000006 
1669 0.0027027360000000003 
1670 0.0031081464000000006 
1671 0.0023648940000000006 
1672 0.0022297572 
1673 0.0025675992000000003 
1674 0.0022297572000000007 
1675 0.0050000616 
1676 0.0052027668000000004 
1677 0.0033108516000000003 
1678 0.005270335200000001 
1679 0.0034459884000000007 
1680 0.004189240800000001 
1681 0.0035135568000000004 
1682 0.0031081464000000006 
1683 0.0027027360000000003 
1684 0.0025000308000000006 
1685 0.0017567784000000004 
1686 0.0016892100000000005 
1687 0.0017567784000000004 
1688 0.0011486628 
1689 0.001351368 
1690 0.001351368 
1691 0.0008783892000000001 
1692 0.0008783892000000001 
1693 0.0012162312000000002 
1694 0.0012162312000000002 
1695 0.0008783892000000001 
1696 0.0008783892000000001 
1697 0.0008783892000000001 
1698 0.0008783892000000001 
1699 0.0008783892000000001 
1700 0.0008783892000000001 
1701 0.0008783892000000001 
1702 0.0012162312000000002 
1703 0.0012162312000000002 
1704 0.0012162312000000002 
1705 0.0012162312000000002 
1706 0.0008783892000000001 
1707 0.0008783892000000001 
1708 0.001351368 
1709 0.001351368 
1710 0.0011486628 
1711 0.0006756840000000001 
1712 0.0008783892000000001 
1713 0.0008783892000000001 
1714 0.0011486628 
1715 0.001351368 
1716 0.00168921 
1717 0.0012162312000000002 
1718 0.00168921 
1719 0.00168921 
1720 0.001351368 
1721 0.001351368 
1722 0.00168921 
1723 0.001351368 
1724 0.0017567784000000002 
1725 0.0012837996000000002 
1726 0.0012162312000000002 
1727 0.0012162312000000002 
1728 0.0012162312000000002 
1729 0.0012162312000000002 
1730 0.0012162312000000002 
1731 0.00168921 
1732 0.0012162312000000002 
1733 0.0012162312000000002 
1734 0.0012162312000000002 
1735 0.0012162312000000002 
1736 0.0012162312000000002 
1737 0.0012162312000000002 
1738 0.0012162312000000002 
1739 0.0008783892000000001 
1740 0.0008783892000000001 
1741 0.0008783892000000001 
1742 0.0008783892000000001 
1743 0.0008783892000000001 
1744 0.0008783892000000001 
1745 0.0008783892000000001 
1746 0.0012162312000000002 
1747 0.0012162312000000002 
1748 0.0012162312000000002 
1749 0.0008783892000000001 
1750 0.0008783892000000001 
1751 0.0008783892000000001 
1752 0.0008783892000000001 
1753 0.0006756840000000001 
1754 0.0006756840000000001 
1755 0.0008783892000000001 
1756 0.000337842 
1757 0.0005405472 
1758 0.0005405472 
1759 0.0005405472 
1760 0.0005405472 
1761 0.0008783892000000001 
1762 0.0008783892000000001 
1763 0.0005405472 
1764 0.0005405472 
1765 0.0005405472 
1766 0.0005405472 
1767 0.0005405472 
1768 0.0008783892000000001 
1769 0.0008783892000000001 
1770 0.0008783892000000001 
1771 0.0009459576000000001 
1772 0.0009459576000000001 
1773 0.0014189364000000001 
1774 0.0014189364000000001 
1775 0.0014189364000000001 
1776 0.0014189364000000001 
1777 0.001351368 
1778 0.001351368 
1779 0.001351368 
1780 0.001351368 
1781 0.001351368 
1782 0.001351368 
1783 0.001351368 
1784 0.001351368 
1785 0.0008783892000000001 
1786 0.0008783892000000001 
1787 0.0008783892000000001 
1788 0.0008783892000000001 
1789 0.0008783892000000001 
1790 0.0008783892000000001 
1791 0.0008783892000000001 
1792 0.0008783892000000001 
1793 0.0007432524000000002 
1794 0.0007432524000000002 
1795 0.0008783892000000001 
1796 0.0008783892000000001 
1797 0.001351368 
1798 0.0017567784000000002 
1799 0.0017567784000000002 
1800 0.0019594836 
1801 0.0019594836 
1802 0.0019594836 
1803 0.0019594836 
1804 0.0014865048000000003 
1805 0.0018243468000000004 
1806 0.0018243468000000004 
1807 0.0018243468000000004 
1808 0.0018243468000000004 
1809 0.0019594836 
1810 0.0019594836 
1811 0.0019594836 
1812 0.0019594836 
1813 0.0019594836 
1814 0.0019594836 
1815 0.0009459576000000001 
1816 0.0011486628000000002 
1817 0.0009459576000000001 
1818 0.0006081156 
1819 0.00040541039999999996 
1820 0.0002027052 
1821 0.0002027052 
1822 6.75684e-5 
1823 0.0 
1824 6.75684e-5 
1825 6.75684e-5 
1826 0.0001351368 
1827 0.0002027052 
1828 0.0002027052 
1829 0.0002027052 
1830 0.00040541039999999996 
1831 0.00040541039999999996 
1832 0.0007432524 
1833 0.0007432524 
1834 0.0009459576000000001 
1835 0.0007432524 
1836 0.0007432524 
1837 0.0012162312 
1838 0.0012162312 
1839 0.0012162312 
1840 0.0012162312 
1841 0.0012162312 
1842 0.0014189364000000001 
1843 0.0018243468000000004 
1844 0.0018243468000000004 
1845 0.0014189364000000001 
1846 0.0022297572000000002 
1847 0.0020270520000000005 
1848 0.0020270520000000005 
1849 0.0022297572000000002 
1850 0.0022297572000000002 
1851 0.0022297572000000002 
1852 0.0022297572000000002 
1853 0.0016216415999999998 
1854 0.0016216415999999998 
1855 0.0016216415999999998 
1856 0.0011486628000000002 
1857 0.0011486628000000002 
1858 0.0011486628000000002 
1859 0.0011486628000000002 
1860 0.0008108208 
1861 0.0006081156 
1862 0.00040541039999999996 
1863 0.0008108208 
1864 0.0006081156 
1865 0.0002027052 
1866 0.0004054104 
1867 0.0004054104 
1868 0.0004054104 
1869 0.0001351368 
1870 0.000337842 
1871 0.000337842 
1872 0.0001351368 
1873 0.0002027052 
1874 0.0004054104 
1875 0.0004054104 
1876 0.0001351368 
1877 0.000337842 
1878 0.0005405472 
1879 0.0005405472 
1880 0.0005405472 
1881 0.0012837996000000002 
1882 0.0012162312000000002 
1883 0.0012162312000000002 
1884 0.001351368 
1885 0.001351368 
1886 0.0014189364000000001 
1887 0.0020270520000000005 
1888 0.0020270520000000005 
1889 0.0025675992000000008 
1890 0.0020270520000000005 
1891 0.0027703044000000005 
1892 0.0020270520000000005 
1893 0.0019594836000000003 
1894 0.0019594836000000003 
1895 0.0019594836000000003 
1896 0.001351368 
1897 0.001351368 
1898 0.0011486628 
1899 0.0011486628 
1900 0.0006756840000000001 
1901 0.0012162312 
1902 0.0007432524 
1903 0.0012162312 
1904 0.0012162312 
1905 0.0012162312 
1906 0.0007432524 
1907 0.0008783892000000001 
1908 0.0006756840000000001 
1909 0.0006756840000000001 
1910 0.0007432524 
1911 0.0006756840000000001 
1912 0.0006756840000000001 
1913 0.0006756840000000001 
1914 0.000337842 
1915 0.000337842 
1916 0.00040541039999999996 
1917 0.000337842 
1918 6.75684e-5 
1919 0.0002027052 
1920 0.0002027052 
1921 6.75684e-5 
1922 6.75684e-5 
1923 6.75684e-5 
1924 0.0001351368 
1925 6.75684e-5 
1926 0.0001351368 
1927 0.000337842 
1928 0.000337842 
1929 0.000337842 
1930 0.0005405472 
1931 0.0008783892000000001 
1932 0.0005405472 
1933 0.000337842 
1934 0.000337842 
1935 0.000337842 
1936 0.0006756840000000001 
1937 0.0002702736 
1938 0.000337842 
1939 0.000337842 
1940 0.000337842 
1941 0.000337842 
1942 0.0002027052 
1943 0.0002027052 
1944 0.000337842 
1945 0.000337842 
1946 0.00040541039999999996 
1947 0.000337842 
1948 0.000337842 
1949 0.000337842 
1950 0.000337842 
1951 0.0006756840000000001 
1952 0.0007432524 
1953 0.00040541039999999996 
1954 0.0002027052 
1955 0.0002027052 
1956 0.0001351368 
1957 0.0001351368 
1958 0.0004054104 
1959 0.0004054104 
1960 0.0004054104 
1961 0.0004054104 
1962 0.000337842 
1963 0.0005405472 
1964 0.0005405472 
1965 0.0005405472 
1966 0.000337842 
1967 0.0008783892000000001 
1968 0.0005405472 
1969 0.000337842 
1970 0.0006756840000000001 
1971 0.0008783892000000001 
1972 0.0006756840000000001 
1973 0.0007432524 
1974 0.0012162312 
1975 0.0014189364000000001 
1976 0.0007432524 
1977 0.0012162312 
1978 0.0012162312 
1979 0.0014189364000000001 
1980 0.0012162312 
1981 0.0007432524 
1982 0.001351368 
1983 0.0008783892000000001 
1984 0.0008783892000000001 
1985 0.0008783892000000001 
1986 0.0012162312000000002 
1987 0.00168921 
1988 0.001351368 
1989 0.0020270520000000005 
1990 0.0020270520000000005 
1991 0.0020270520000000005 
1992 0.0018243468000000004 
1993 0.0020270520000000005 
1994 0.0019594836000000003 
1995 0.0020270520000000005 
1996 0.0018243468000000004 
1997 0.001351368 
1998 0.0019594836000000003 
1999 0.0011486628 
2000 0.0011486628 
2001 0.001351368 
2002 0.001351368 
2003 0.0011486628 
2004 0.0008783892000000001 
2005 0.0014189364 
2006 0.0014189364 
2007 0.0020270520000000005 
2008 0.0019594836000000003 
2009 0.0020270520000000005 
2010 0.0020270520000000005 
2011 0.0020270520000000005 
2012 0.0027703044000000005 
2013 0.0031081464000000006 
2014 0.0023648940000000006 
2015 0.0020270520000000005 
2016 0.0023648940000000006 
2017 0.0025675992000000003 
2018 0.0020270520000000005 
2019 0.0020270520000000005 
2020 0.0023648940000000006 
2021 0.0016216415999999998 
2022 0.0014189364 
2023 0.0014189364 
2024 0.0016216415999999998 
2025 0.0011486628000000002 
2026 0.0009459576000000001 
2027 0.0009459576000000001 
2028 0.0011486628000000002 
2029 0.0006081156 
2030 0.0009459576000000001 
2031 0.0008108208 
2032 0.0008108208 
2033 0.00040541039999999996 
2034 0.0008108208 
2035 0.0008108208 
2036 0.0004054104 
2037 0.0004054104 
2038 0.000337842 
2039 0.0004054104 
2040 0.0002027052 
2041 6.75684e-5 
2042 6.75684e-5 
2043 6.75684e-5 
2044 6.75684e-5 
2045 0.0001351368 
2046 0.0001351368 
2047 0.0001351368 
2048 0.0001351368 
2049 0.000337842 
2050 0.0002702736 
2051 0.000337842 
2052 0.000337842 
2053 0.0002702736 
2054 0.000337842 
2055 0.000337842 
2056 0.0006756840000000001 
2057 0.0006081156000000001 
2058 0.0006756840000000001 
2059 0.0006756840000000001 
2060 0.0011486628 
2061 0.0011486628 
2062 0.0011486628 
2063 0.0011486628 
2064 0.0017567784000000004 
2065 0.0017567784000000004 
2066 0.0025000308000000006 
2067 0.0024324624000000004 
2068 0.0025675992000000008 
2069 0.0017567784000000004 
2070 0.0017567784000000004 
2071 0.0017567784000000004 
2072 0.0016892100000000005 
2073 0.0016892100000000005 
2074 0.0017567784000000004 
2075 0.0016892100000000005 
2076 0.0016892100000000005 
2077 0.0025000308000000006 
2078 0.0025000308000000006 
2079 0.0025000308000000006 
2080 0.0025000308000000006 
2081 0.0025000308000000006 
2082 0.003378420000000001 
2083 0.003378420000000001 
2084 0.0025000308000000006 
2085 0.0025000308000000006 
2086 0.0025000308000000006 
2087 0.0024324624000000004 
2088 0.0017567784000000004 
2089 0.0018243468000000004 
2090 0.0016892100000000005 
2091 0.0016892100000000005 
2092 0.0018243468000000004 
2093 0.0018243468000000004 
2094 0.0017567784000000004 
2095 0.0011486628 
2096 0.0012162312 
2097 0.0011486628 
2098 0.0011486628 
2099 0.0007432524 
2100 0.0012162312 
2101 0.0006756840000000001 
2102 0.0006756840000000001 
2103 0.0007432524 
2104 0.0007432524 
2105 0.0006756840000000001 
2106 0.000337842 
2107 0.00040541039999999996 
2108 0.000337842 
2109 0.000337842 
2110 0.0002027052 
2111 0.00040541039999999996 
2112 6.75684e-5 
2113 6.75684e-5 
2114 0.0002027052 
2115 6.75684e-5 
2116 0.0 
2117 6.75684e-5 
2118 6.75684e-5 
2119 0.0 
2120 6.75684e-5 
2121 0.0001351368 
2122 0.0001351368 
2123 6.75684e-5 
2124 0.000337842 
2125 0.000337842 
2126 0.000337842 
2127 0.000337842 
2128 0.00040541039999999996 
2129 0.0006756840000000001 
2130 0.0007432524 
2131 0.0006756840000000001 
2132 0.000337842 
2133 0.000337842 
2134 0.0001351368 
2135 0.0002027052 
2136 0.0002027052 
2137 0.0001351368 
2138 0.00040541039999999996 
2139 0.00040541039999999996 
2140 0.0006081156 
2141 0.0006081156 
2142 0.0009459576000000001 
2143 0.0007432524 
2144 0.0006756840000000001 
2145 0.0006756840000000001 
2146 0.0006756840000000001 
2147 0.0006756840000000001 
2148 0.000337842 
2149 0.000337842 
2150 0.000337842 
2151 6.75684e-5 
2152 6.75684e-5 
2153 0.0 
2154 6.75684e-5 
2155 6.75684e-5 
2156 0.0001351368 
2157 0.000337842 
2158 0.000337842 
2159 0.00040541039999999996 
2160 0.0009459576000000001 
2161 0.0009459576000000001 
2162 0.0009459576000000001 
2163 0.0011486628000000002 
2164 0.0011486628000000002 
2165 0.0014865048000000003 
2166 0.0022973256 
2167 0.0022973256 
2168 0.0022973256 
2169 0.0027703044 
2170 0.0022973256 
2171 0.0022973256 
2172 0.0022973256 
2173 0.0022973256 
2174 0.0014865048000000003 
2175 0.0019594836 
2176 0.0019594836 
2177 0.0025675992000000003 
2178 0.0025675992000000003 
2179 0.0025675992000000003 
2180 0.0025675992000000003 
2181 0.0025675992000000003 
2182 0.0019594836 
2183 0.0025675992000000003 
2184 0.0017567784 
2185 0.0017567784 
2186 0.0014189364 
2187 0.0014189364 
2188 0.0014189364 
2189 0.0019594836 
2190 0.0019594836 
2191 0.0022973256 
2192 0.0033784200000000005 
2193 0.0033784200000000005 
2194 0.0038513988000000005 
2195 0.0038513988000000005 
2196 0.0033784200000000005 
2197 0.0033784200000000005 
2198 0.0025675992000000003 
2199 0.0025675992000000003 
2200 0.0025675992000000003 
2201 0.0017567784 
2202 0.0016216415999999998 
2203 0.0016216415999999998 
2204 0.0019594836 
2205 0.0019594836 
2206 0.0025675992000000003 
2207 0.0025675992000000003 
2208 0.0033108516000000003 
2209 0.0033108516000000003 
2210 0.0033108516000000003 
2211 0.0031081464000000006 
2212 0.0031081464000000006 
2213 0.0031081464000000006 
2214 0.0023648940000000006 
2215 0.0023648940000000006 
2216 0.0020270520000000005 
2217 0.0020270520000000005 
2218 0.0014189364 
2219 0.0014189364 
2220 0.0019594836 
2221 0.0019594836 
2222 0.0022973256 
2223 0.0014865048000000003 
2224 0.0014865048000000003 
2225 0.0018243468000000004 
2226 0.0018243468000000004 
2227 0.0022973256 
2228 0.0022973256 
2229 0.0033784200000000005 
2230 0.0033784200000000005 
2231 0.0037838304000000003 
2232 0.0033108516000000003 
2233 0.0033108516000000003 
2234 0.0039865356000000005 
2235 0.0039865356000000005 
2236 0.003918967200000001 
2237 0.0050000616 
2238 0.0054730403999999995 
2239 0.0049324932000000005 
2240 0.0049324932000000005 
2241 0.0066217032 
2242 0.0066217032 
2243 0.03479772600000001 
2244 0.031149032400000005 
2245 0.029324685600000004 
2246 0.027905749200000003 
2247 0.0206759304 
2248 0.019797541200000005 
2249 0.0160812792 
2250 0.013513680000000002 
2251 0.010067691600000001 
2252 0.006824408400000001 
2253 0.004729788 
2254 0.0033108516000000003 
2255 0.0027703044 
2256 0.0014189364000000001 
2257 0.0011486628 
2258 0.0016892100000000005 
2259 0.0024324624000000004 
2260 0.0033108516000000007 
2261 0.004391946 
2262 0.0056081772 
2263 0.0045946512 
2264 0.0050000616 
2265 0.003648693600000001 
2266 0.0033108516000000003 
2267 0.0029054412000000004 
2268 0.0032432832 
2269 0.0054730404 
2270 0.006891976800000001 
2271 0.008310913200000002 
2272 0.0122298804 
2273 0.013108269600000002 
2274 0.0152704584 
2275 0.021824593200000002 
2276 0.021959730000000004 
2277 0.0250678764 
2278 0.022230003600000003 
2279 0.0254732868 
2280 0.026351676000000004 
2281 0.021959730000000004 
2282 0.024662466000000004 
2283 0.021824593200000002 
2284 0.024662466000000004 
2285 0.022230003600000003 
2286 0.017365078800000003 
2287 0.019797541200000005 
2288 0.026284107600000006 
2289 0.024662466000000004 
2290 0.025743560400000004 
2291 0.0185137416 
2292 0.023040824400000007 
2293 0.023040824400000007 
2294 0.016756963200000002 
2295 0.016486689600000003 
2296 0.0139190904 
2297 0.016013710800000004 
2298 0.020202951600000005 
2299 0.017973194400000003 
2300 0.019662404400000003 
2301 0.019662404400000003 
2302 0.015000184800000003 
2303 0.018175899600000003 
2304 0.012500154000000003 
2305 0.009797418 
2306 0.010405533600000001 
2307 0.010473102000000001 
2308 0.010067691600000001 
2309 0.0122298804 
2310 0.013513680000000002 
2311 0.014729911200000003 
2312 0.014932616400000001 
2313 0.018716446800000005 
2314 0.013716385200000002 
2315 0.009054165600000002 
2316 0.010878512400000002 
2317 0.008310913200000002 
2318 0.004459514400000001 
2319 0.0041216724 
2320 0.005810882400000002 
2321 0.006824408400000001 
2322 0.009392007600000002 
2323 0.011756901600000003 
2324 0.0160812792 
2325 0.019797541200000005 
2326 0.014932616400000001 
2327 0.015811005600000004 
2328 0.014662342800000002 
2329 0.019662404400000003 
2330 0.017365078800000003 
2331 0.0120271752 
2332 0.00844605 
2333 0.0054730404 
2334 0.0037838304000000003 
2335 0.00168921 
2336 0.0016216416 
2337 0.0017567784000000002 
2338 0.0014189364000000001 
2339 0.0025000308000000006 
2340 0.0027703044000000005 
2341 0.0008783892000000001 
2342 0.000337842 
2343 0.0002702736 
2344 0.0009459576000000001 
2345 0.0028378728000000002 
2346 0.005270335200000001 
2347 0.007027113600000001 
2348 0.012162312000000002 
2349 0.0087163236 
2350 0.011216354400000001 
2351 0.009864986400000001 
2352 0.011351491200000001 
2353 0.016554258000000002 
2354 0.015000184800000003 
2355 0.0088514604 
2356 0.0087163236 
2357 0.006081156000000001 
2358 0.005946019200000001 
2359 0.0066217032000000006 
2360 0.0050000616 
2361 0.007770366000000001 
2362 0.004729788 
2363 0.0035811252000000006 
2364 0.004729788 
2365 0.004594651200000001 
2366 0.0033108516000000003 
2367 0.0012162312 
2368 0.0006756840000000001 
2369 0.0008108208 
2370 0.00168921 
2371 0.0014189364000000001 
2372 0.0014189364000000001 
2373 0.0035135568000000004 
2374 0.003648693600000001 
2375 0.004391946000000001 
2376 0.007229818800000001 
2377 0.010878512400000002 
2378 0.010608238800000003 
2379 0.013919090400000004 
2380 0.013378543200000002 
2381 0.016621826400000005 
2382 0.009932554800000002 
2383 0.011486628000000002 
2384 0.0050000616 
2385 0.0025675992000000008 
2386 0.0008783892000000001 
2387 0.00040541039999999996 
2388 0.0007432524 
2389 0.0025675992000000003 
2390 0.0022973256 
2391 0.005202766800000001 
2392 0.004121672400000001 
2393 0.005540608800000001 
2394 0.0076352291999999995 
2395 0.004527082800000001 
2396 0.003648693600000001 
2397 0.0058108824 
2398 0.0044595144 
2399 0.003378420000000001 
2400 0.008513618400000002 
2401 0.013716385200000002 
2402 0.022297572 
2403 0.019594836 
2404 0.015540732000000003 
2405 0.013243406400000001 
2406 0.009527144400000001 
2407 0.0078379344 
2408 0.006554134800000002 
2409 0.005202766800000001 
2410 0.006013587600000001 
2411 0.005743314000000001 
2412 0.0063514296000000015 
2413 0.0078379344 
2414 0.010473102000000001 
2415 0.009864986400000001 
2416 0.005202766800000001 
2417 0.0041216724 
2418 0.0027703044000000005 
2419 0.0025675992000000003 
2420 0.0027703044 
2421 0.0041216724 
2422 0.006824408400000001 
2423 0.008851460400000002 
2424 0.012567722400000002 
2425 0.016554258000000002 
2426 0.020338088400000003 
2427 0.028784138400000003 
2428 0.0286490016 
2429 0.028311159600000007 
2430 0.03317608440000001 
2431 0.027703044000000003 
2432 0.022027298400000003 
2433 0.021959730000000004 
2434 0.021959730000000004 
2435 0.017635352400000002 
2436 0.012770427600000002 
2437 0.010473102000000001 
2438 0.006824408400000001 
2439 0.005000061600000001 
2440 0.0031081464000000006 
2441 0.0019594836 
2442 0.0009459576000000001 
2443 0.0004054104 
2444 0.0009459576000000001 
2445 0.0024324624 
2446 0.004391946000000001 
2447 0.0063514296000000015 
2448 0.0108785124 
2449 0.011486628 
2450 0.014392069200000003 
2451 0.012770427600000002 
2452 0.017567784000000003 
2453 0.017094805200000004 
2454 0.012297448800000003 
2455 0.012297448800000003 
2456 0.009392007600000002 
2457 0.0078379344 
2458 0.009189302400000002 
2459 0.008310913200000002 
2460 0.010473102000000001 
2461 0.0116893332 
2462 0.0164866896 
2463 0.020000246400000005 
2464 0.020202951600000005 
2465 0.018243468000000002 
2466 0.023986782 
2467 0.029797664400000003 
2468 0.030608485200000007 
2469 0.035540978400000006 
2470 0.040878882000000005 
2471 0.049189795200000004 
2472 0.045203259600000004 
2473 0.045203259600000004 
2474 0.038108577600000006 
2475 0.0383788512 
2476 0.0288517068 
2477 0.028378728 
2478 0.0288517068 
2479 0.022500277200000002 
2480 0.019256994000000003 
2481 0.016554258000000002 
2482 0.0177029208 
2483 0.0160812792 
2484 0.017365078800000003 
2485 0.016013710800000004 
2486 0.011554196400000001 
2487 0.011554196400000001 
2488 0.006891976800000001 
2489 0.007432524000000001 
2490 0.005202766800000001 
2491 0.006081156000000001 
2492 0.005000061600000001 
2493 0.0056757456000000005 
2494 0.0066217032000000006 
2495 0.0045946512 
2496 0.0070946820000000015 
2497 0.0068244084000000016 
2498 0.0055406088 
2499 0.004391946 
2500 0.005743314 
2501 0.0061487244000000005 
2502 0.007905502800000002 
2503 0.008716323600000003 
2504 0.0085136184 
2505 0.0089865972 
2506 0.0091893024 
2507 0.006689271600000001 
2508 0.008310913200000002 
2509 0.010067691600000001 
2510 0.006486566399999999 
2511 0.004527082800000001 
2512 0.004662219600000001 
2513 0.0060135876 
2514 0.004527082800000001 
2515 0.004189240800000001 
2516 0.004662219600000001 
2517 0.004527082800000001 
2518 0.0029730096 
2519 0.0027703044000000005 
2520 0.004189240800000001 
2521 0.003986535600000001 
2522 0.006081156000000001 
2523 0.004459514400000001 
2524 0.0035811252000000006 
2525 0.0022973256000000004 
2526 0.0022973256000000004 
2527 0.0020270520000000005 
2528 0.0018243468000000004 
2529 0.0018243468000000004 
2530 0.0027027360000000003 
2531 0.0027703044000000005 
2532 0.003918967200000001 
2533 0.0039865356000000005 
2534 0.004189240800000001 
2535 0.0052027668000000004 
2536 0.0060135876 
2537 0.0071622504 
2538 0.0076352291999999995 
2539 0.008919028800000001 
2540 0.011554196400000001 
2541 0.0109460808 
2542 0.011554196400000001 
2543 0.011554196400000001 
2544 0.012297448800000001 
2545 0.012297448800000001 
2546 0.013919090400000002 
2547 0.015473163600000003 
2548 0.015473163600000003 
2549 0.017162373600000003 
2550 0.017162373600000003 
2551 0.0164191212 
2552 0.015540732000000002 
2553 0.015540732000000002 
2554 0.014189364000000001 
2555 0.016013710800000004 
2556 0.014932616400000001 
2557 0.014189364000000001 
2558 0.013108269600000002 
2559 0.015540732000000003 
2560 0.014189364000000001 
2561 0.014189364000000001 
2562 0.011419059600000002 
2563 0.011419059600000002 
2564 0.009864986400000001 
2565 0.009527144400000001 
2566 0.007635229200000002 
2567 0.006351429600000001 
2568 0.008446050000000002 
2569 0.008446050000000002 
2570 0.009527144400000001 
2571 0.009527144400000001 
2572 0.0109460808 
2573 0.010878512400000002 
2574 0.012297448800000001 
2575 0.012297448800000001 
2576 0.013919090400000002 
2577 0.013851522000000002 
2578 0.013851522000000002 
2579 0.012500154000000001 
2580 0.014189364000000001 
2581 0.013108269600000002 
2582 0.014932616400000003 
2583 0.014932616400000003 
2584 0.014932616400000003 
2585 0.012297448800000003 
2586 0.014121795600000004 
2587 0.016081279200000003 
2588 0.015878574000000003 
2589 0.015878574000000003 
2590 0.013919090400000004 
2591 0.013581248400000004 
2592 0.011756901600000003 
2593 0.010405533600000003 
2594 0.010067691600000003 
2595 0.009054165600000002 
2596 0.007297387200000002 
2597 0.006351429600000001 
2598 0.007635229200000002 
2599 0.009054165600000002 
2600 0.010608238800000003 
2601 0.010608238800000003 
2602 0.009864986400000001 
2603 0.009864986400000001 
2604 0.0118920384 
2605 0.0103379652 
2606 0.009527144400000001 
2607 0.009527144400000001 
2608 0.009527144400000001 
2609 0.0095947128 
2610 0.010270396800000001 
2611 0.009527144400000001 
2612 0.009527144400000001 
2613 0.0109460808 
2614 0.008446050000000002 
2615 0.009864986400000001 
2616 0.009527144400000001 
2617 0.009054165600000002 
2618 0.008851460400000002 
2619 0.008446050000000002 
2620 0.010000123200000002 
2621 0.008310913200000002 
2622 0.008446050000000002 
2623 0.008446050000000002 
2624 0.008446050000000002 
2625 0.007027113600000002 
2626 0.0070946820000000015 
2627 0.0070946820000000015 
2628 0.0058108824 
2629 0.0046622196 
2630 0.0045946512 
2631 0.004391946 
2632 0.0055406088 
2633 0.0055406088 
2634 0.0058108824 
2635 0.0058108824 
2636 0.0046622196 
2637 0.0046622196 
2638 0.006351429600000001 
2639 0.006351429600000001 
2640 0.0052027668000000004 
2641 0.006351429600000001 
2642 0.0052027668000000004 
2643 0.0046622196 
2644 0.0052027668000000004 
2645 0.006351429600000001 
2646 0.006351429600000001 
2647 0.007973071200000003 
2648 0.009054165600000002 
2649 0.009054165600000002 
2650 0.010608238800000003 
2651 0.010405533600000003 
2652 0.012094743600000003 
2653 0.013919090400000004 
2654 0.013919090400000004 
2655 0.013919090400000004 
2656 0.015878574000000003 
2657 0.014121795600000004 
2658 0.012297448800000003 
2659 0.012094743600000003 
2660 0.012094743600000003 
2661 0.012094743600000003 
2662 0.012094743600000003 
2663 0.010405533600000003 
2664 0.010405533600000003 
2665 0.008851460400000002 
2666 0.009054165600000002 
2667 0.009054165600000002 
2668 0.007635229200000002 
2669 0.007432524000000002 
2670 0.0058108824 
2671 0.0055406088 
2672 0.004391946 
2673 0.004391946 
2674 0.0045946512 
2675 0.0044595144 
2676 0.003648693600000001 
2677 0.003986535600000001 
2678 0.004189240800000001 
2679 0.0052027668000000004 
2680 0.0060135876 
2681 0.0060135876 
2682 0.0060135876 
2683 0.0060135876 
2684 0.0060135876 
2685 0.0060135876 
2686 0.0060135876 
2687 0.004662219600000001 
2688 0.005000061600000001 
2689 0.005608177200000002 
2690 0.004729788 
2691 0.005202766800000001 
2692 0.005946019200000001 
2693 0.005810882400000002 
2694 0.004459514400000001 
2695 0.0039865356000000005 
2696 0.0033784200000000005 
2697 0.0024324624 
2698 0.0025675992000000003 
2699 0.0025675992000000003 
2700 0.0033108516000000003 
2701 0.0027703044000000005 
2702 0.0027703044000000005 
2703 0.003648693600000001 
2704 0.003648693600000001 
2705 0.004189240800000001 
2706 0.0050000616 
2707 0.0050000616 
2708 0.0061487244000000005 
2709 0.0070946820000000015 
2710 0.0070946820000000015 
2711 0.008513618400000002 
2712 0.008446050000000002 
2713 0.010000123200000002 
2714 0.011689333200000002 
2715 0.013513680000000004 
2716 0.013581248400000004 
2717 0.011756901600000003 
2718 0.012094743600000003 
2719 0.011554196400000003 
2720 0.010067691600000003 
2721 0.009864986400000003 
2722 0.011689333200000002 
2723 0.010067691600000003 
2724 0.010405533600000003 
2725 0.010608238800000003 
2726 0.010608238800000003 
2727 0.011081217600000002 
2728 0.009527144400000001 
2729 0.009864986400000001 
2730 0.008446050000000002 
2731 0.008446050000000002 
2732 0.0082433448 
2733 0.0082433448 
2734 0.007094682 
2735 0.007094682 
2736 0.00844605 
2737 0.0095947128 
2738 0.0095947128 
2739 0.010878512400000002 
2740 0.012297448800000001 
2741 0.012297448800000001 
2742 0.012500154000000001 
2743 0.014189364000000001 
2744 0.012500154000000001 
2745 0.015540732000000002 
2746 0.013851522000000002 
2747 0.013851522000000002 
2748 0.013919090400000002 
2749 0.012500154000000003 
2750 0.010878512400000002 
2751 0.010473102000000001 
2752 0.00844605 
2753 0.0088514604 
2754 0.0082433448 
2755 0.0082433448 
2756 0.008919028800000001 
2757 0.009527144400000001 
2758 0.009527144400000001 
2759 0.0095947128 
2760 0.010878512400000002 
2761 0.009527144400000001 
2762 0.0082433448 
2763 0.0076352291999999995 
2764 0.006486566399999999 
2765 0.006486566399999999 
2766 0.006486566399999999 
2767 0.0077027976 
2768 0.00844605 
2769 0.009324439200000001 
2770 0.009054165600000002 
2771 0.009054165600000002 
2772 0.009189302400000002 
2773 0.008175776400000001 
2774 0.009189302400000002 
2775 0.008175776400000001 
2776 0.008175776400000001 
2777 0.010067691600000001 
2778 0.009054165600000002 
2779 0.008310913200000002 
2780 0.00844605 
2781 0.007432524000000001 
2782 0.007432524000000001 
2783 0.005202766800000001 
2784 0.005202766800000001 
2785 0.0038513988000000005 
2786 0.0033784200000000005 
2787 0.004594651200000001 
2788 0.004594651200000001 
2789 0.006081156000000001 
2790 0.006689271600000001 
2791 0.007432524000000001 
2792 0.00844605 
2793 0.010067691600000001 
2794 0.011216354400000001 
2795 0.012500154000000003 
2796 0.013513680000000002 
2797 0.013513680000000002 
2798 0.013108269600000002 
2799 0.0110812176 
2800 0.010067691600000001 
2801 0.009324439200000001 
2802 0.007432524000000001 
2803 0.006689271600000001 
2804 0.006081156000000001 
2805 0.0054730404 
2806 0.0054730404 
2807 0.0054730404 
2808 0.004527082800000001 
2809 0.0033108516000000003 
2810 0.0031081464000000006 
2811 0.0031081464000000006 
2812 0.0027027360000000003 
2813 0.0027703044000000005 
2814 0.0020270520000000005 
2815 0.0027703044000000005 
2816 0.0023648940000000006 
2817 0.0027703044000000005 
2818 0.004189240800000001 
2819 0.004121672400000001 
2820 0.0035135568000000004 
2821 0.0035811252000000006 
2822 0.005270335200000001 
2823 0.004189240800000001 
2824 0.0029730096 
2825 0.0027703044000000005 
2826 0.0027027360000000003 
2827 0.0027703044000000005 
2828 0.0033108516000000003 
2829 0.0025675992000000003 
2830 0.0029054412000000004 
2831 0.0036486936000000004 
2832 0.004594651200000001 
2833 0.005000061600000001 
2834 0.0054730404 
2835 0.006486566399999999 
2836 0.0060135876 
2837 0.0056757456 
2838 0.0071622504 
2839 0.0071622504 
2840 0.007770366000000001 
2841 0.007770366000000001 
2842 0.009527144400000001 
2843 0.010473102000000001 
2844 0.010473102000000001 
2845 0.009527144400000001 
2846 0.008108208000000002 
2847 0.008108208000000002 
2848 0.0068244084 
2849 0.0050000616 
2850 0.0050000616 
2851 0.004189240800000001 
2852 0.0031081464000000006 
2853 0.003918967200000001 
2854 0.0039865356000000005 
2855 0.0033108516000000003 
2856 0.0033108516000000003 
2857 0.0033108516000000003 
2858 0.0033108516000000003 
2859 0.0025675992000000003 
2860 0.0029054412000000004 
2861 0.0022973256 
2862 0.0022973256 
2863 0.0016216415999999998 
2864 0.0025675992000000003 
2865 0.0033108516000000003 
2866 0.0031081464000000006 
2867 0.0031081464000000006 
2868 0.0030405780000000004 
2869 0.0019594836000000003 
2870 0.0020270520000000005 
2871 0.0016216415999999998 
2872 0.0009459576000000001 
2873 0.0011486628000000002 
2874 0.0006081156 
2875 0.00040541039999999996 
2876 0.00040541039999999996 
2877 0.000337842 
2878 0.000337842 
2879 0.0007432524 
2880 0.0012162312 
2881 0.0006756840000000001 
2882 0.0014189364 
2883 0.0011486628000000002 
2884 0.0011486628000000002 
2885 0.0011486628000000002 
2886 0.0011486628000000002 
2887 0.0007432524 
2888 0.0011486628 
2889 0.0012162312 
2890 0.0014189364000000001 
2891 0.0014189364000000001 
2892 0.0014189364000000001 
2893 0.0012162312 
2894 0.0007432524 
2895 0.0005405472 
2896 0.0008783892000000001 
2897 0.00168921 
2898 0.0023648940000000006 
2899 0.0021621888 
2900 0.004121672400000001 
2901 0.003378420000000001 
2902 0.0028378728000000002 
2903 0.0035811252000000006 
2904 0.0027703044000000005 
2905 0.0031081464000000006 
2906 0.0020270520000000005 
2907 0.0020270520000000005 
2908 0.0020270520000000005 
2909 0.001351368 
2910 0.0014189364 
2911 0.0009459576000000001 
2912 0.0006081156 
2913 0.00040541039999999996 
2914 0.0002027052 
2915 0.0002027052 
2916 0.0002027052 
2917 0.0002027052 
2918 0.0004054104 
2919 0.000337842 
2920 0.000337842 
2921 0.000337842 
2922 0.000337842 
2923 0.0008783892000000001 
2924 0.0008783892000000001 
2925 0.0012162312000000002 
2926 0.0012162312000000002 
2927 0.0008783892000000001 
2928 0.0005405472 
2929 0.000337842 
2930 0.00040541039999999996 
2931 0.000337842 
2932 0.000337842 
2933 0.000337842 
2934 0.0001351368 
2935 0.0002027052 
2936 0.0002027052 
2937 0.0001351368 
2938 0.0001351368 
2939 0.0002027052 
2940 0.0002027052 
2941 0.0002027052 
2942 0.000337842 
2943 0.000337842 
2944 0.000337842 
2945 0.000337842 
2946 0.000337842 
2947 0.0006756840000000001 
2948 0.0008783892000000001 
2949 0.0006756840000000001 
2950 0.0011486628 
2951 0.0011486628 
2952 0.0011486628 
2953 0.0011486628 
2954 0.0017567784000000004 
2955 0.0017567784000000004 
2956 0.0017567784000000004 
2957 0.0017567784000000004 
2958 0.0017567784000000004 
2959 0.0017567784000000004 
2960 0.0017567784000000004 
2961 0.0018243468000000004 
2962 0.0018243468000000004 
2963 0.0018243468000000004 
2964 0.0018243468000000004 
2965 0.0018243468000000004 
2966 0.0018243468000000004 
2967 0.0020270520000000005 
2968 0.0018243468000000004 
2969 0.0017567784000000004 
2970 0.0017567784000000004 
2971 0.0017567784000000004 
2972 0.0017567784000000004 
2973 0.0011486628 
2974 0.0011486628 
2975 0.0011486628 
2976 0.0011486628 
2977 0.0011486628 
2978 0.0006756840000000001 
2979 0.0011486628 
2980 0.0011486628 
2981 0.0006756840000000001 
2982 0.0006756840000000001 
2983 0.0006756840000000001 
2984 0.0006756840000000001 
2985 0.0006756840000000001 
2986 0.0006756840000000001 
2987 0.0006756840000000001 
2988 0.0006756840000000001 
2989 0.000337842 
2990 0.000337842 
2991 0.0005405472 
2992 0.000337842 
2993 0.00040541039999999996 
2994 0.0006081156 
2995 0.0004054104 
2996 0.0002027052 
2997 0.0002027052 
2998 0.0004054104 
2999 0.0004054104 
3000 0.0005405472 
3001 0.0005405472 
3002 0.0005405472 
3003 0.0009459576000000001 
3004 0.0008783892000000001 
3005 0.0009459576000000001 
3006 0.001351368 
3007 0.0017567784000000002 
3008 0.0017567784000000002 
3009 0.0023648940000000006 
3010 0.0017567784000000002 
3011 0.0017567784000000002 
3012 0.0017567784000000002 
3013 0.0012837996000000002 
3014 0.0014865048000000003 
3015 0.0009459576000000001 
3016 0.0009459576000000001 
3017 0.0008783892000000001 
3018 0.0008783892000000001 
3019 0.001351368 
3020 0.0009459576000000001 
3021 0.0009459576000000001 
3022 0.0008783892000000001 
3023 0.0014189364000000001 
3024 0.0014189364000000001 
3025 0.0020270520000000005 
3026 0.0020270520000000005 
3027 0.0022297572000000007 
3028 0.0022297572000000007 
3029 0.0014189364000000001 
3030 0.0014189364000000001 
3031 0.0014189364000000001 
3032 0.0014189364000000001 
3033 0.0014189364000000001 
3034 0.0009459576000000001 
3035 0.0009459576000000001 
3036 0.0009459576000000001 
3037 0.0009459576000000001 
3038 0.0009459576000000001 
3039 0.0012837996000000002 
3040 0.0012837996000000002 
3041 0.0008783892000000001 
3042 0.0008783892000000001 
3043 0.001351368 
3044 0.0019594836000000003 
3045 0.0027703044000000005 
3046 0.0019594836000000003 
3047 0.0025000308000000006 
3048 0.0017567784000000004 
3049 0.0017567784000000004 
3050 0.0017567784000000004 
3051 0.0018243468000000004 
3052 0.0017567784000000004 
3053 0.0017567784000000004 
3054 0.0017567784000000004 
3055 0.0017567784000000004 
3056 0.0017567784000000004 
3057 0.0017567784000000004 
3058 0.0027703044000000005 
3059 0.0025000308000000006 
3060 0.0017567784000000004 
3061 0.0017567784000000004 
3062 0.0017567784000000004 
3063 0.0016892100000000005 
3064 0.0024324624000000004 
3065 0.0025000308000000006 
3066 0.0024324624000000004 
3067 0.0016892100000000005 
3068 0.0016892100000000005 
3069 0.0024324624000000004 
3070 0.0024324624000000004 
3071 0.0024324624000000004 
3072 0.0017567784000000004 
3073 0.0017567784000000004 
3074 0.0017567784000000004 
3075 0.0011486628 
3076 0.001351368 
3077 0.0008783892000000001 
3078 0.0008783892000000001 
3079 0.0005405472 
3080 0.0005405472 
3081 0.0005405472 
3082 0.0009459576000000001 
3083 0.0009459576000000001 
3084 0.0009459576000000001 
3085 0.0007432524000000002 
3086 0.0007432524000000002 
3087 0.0007432524000000002 
3088 0.0009459576000000001 
3089 0.0009459576000000001 
3090 0.0009459576000000001 
3091 0.0008783892000000001 
3092 0.0008783892000000001 
3093 0.0005405472 
3094 0.0008783892000000001 
3095 0.0009459576000000001 
3096 0.0009459576000000001 
3097 0.0006081156 
3098 0.0009459576000000001 
3099 0.0009459576000000001 
3100 0.0011486628000000002 
3101 0.0008108208 
3102 0.0008108208 
3103 0.0008108208 
3104 0.0006081156 
3105 0.0006081156 
3106 0.0008108208 
3107 0.0008108208 
3108 0.0014865048000000003 
3109 0.0014865048000000003 
3110 0.0014865048000000003 
3111 0.0014865048000000003 
3112 0.0014865048000000003 
3113 0.0014865048000000003 
3114 0.0011486628000000002 
3115 0.0008108208 
3116 0.0011486628000000002 
3117 0.0008108208 
3118 0.0008108208 
3119 0.0009459576000000001 
3120 0.0009459576000000001 
3121 0.0006081156 
3122 0.0006081156 
3123 0.0009459576000000001 
3124 0.000337842 
3125 0.000337842 
3126 0.0006756840000000001 
3127 0.0008783892000000001 
3128 0.0008783892000000001 
3129 0.0009459576000000001 
3130 0.0009459576000000001 
3131 0.0009459576000000001 
3132 0.0006081156 
3133 0.0011486628000000002 
3134 0.0011486628000000002 
3135 0.0008108208 
3136 0.0008108208 
3137 0.0008108208 
3138 0.0006081156 
3139 0.0006081156 
3140 0.0006081156 
3141 0.0006081156 
3142 0.0005405472 
3143 0.0005405472 
3144 0.0008783892000000001 
3145 0.000337842 
3146 0.000337842 
3147 0.0004054104 
3148 0.0007432524000000002 
3149 0.0004054104 
3150 0.0004054104 
3151 0.0009459576000000001 
3152 0.0006081156 
3153 0.0006081156 
3154 0.0006081156 
3155 0.0012837996000000002 
3156 0.0008783892000000001 
3157 0.0008783892000000001 
3158 0.0008783892000000001 
3159 0.0011486628 
3160 0.0006756840000000001 
3161 0.0006756840000000001 
3162 0.0006756840000000001 
3163 0.0006756840000000001 
3164 0.0006756840000000001 
3165 0.0011486628 
3166 0.0011486628 
3167 0.0006756840000000001 
3168 0.0011486628 
3169 0.0011486628 
3170 0.0011486628 
3171 0.0011486628 
3172 0.0017567784000000004 
3173 0.0017567784000000004 
3174 0.0017567784000000004 
3175 0.0017567784000000004 
3176 0.0018243468000000004 
3177 0.0017567784000000004 
3178 0.0017567784000000004 
3179 0.0017567784000000004 
3180 0.0025000308000000006 
3181 0.0025000308000000006 
3182 0.0024324624000000004 
3183 0.0024324624000000004 
3184 0.0025000308000000006 
3185 0.0024324624000000004 
3186 0.0025000308000000006 
3187 0.003378420000000001 
3188 0.0024324624000000004 
3189 0.0033108516000000007 
3190 0.0025000308000000006 
3191 0.0024324624000000004 
3192 0.0025000308000000006 
3193 0.0025675992000000008 
3194 0.0017567784000000004 
3195 0.0019594836000000003 
3196 0.0025000308000000006 
3197 0.0027703044000000005 
3198 0.0030405780000000004 
3199 0.0023648940000000006 
3200 0.0027027360000000003 
3201 0.0027703044000000005 
3202 0.0027703044000000005 
3203 0.0027703044000000005 
3204 0.0027703044000000005 
3205 0.0027703044000000005 
3206 0.0025675992000000008 
3207 0.0025675992000000008 
3208 0.0025675992000000008 
3209 0.0018243468000000004 
3210 0.0017567784000000004 
3211 0.0025000308000000006 
3212 0.0025000308000000006 
3213 0.0017567784000000004 
3214 0.0016892100000000005 
3215 0.0017567784000000004 
3216 0.0017567784000000004 
3217 0.0017567784000000004 
3218 0.0017567784000000004 
3219 0.0017567784000000004 
3220 0.0018243468000000004 
3221 0.0011486628 
3222 0.0011486628 
3223 0.0011486628 
3224 0.0010810944 
3225 0.0011486628 
3226 0.0011486628 
3227 0.0006081156000000001 
3228 0.0006081156000000001 
3229 0.0006756840000000001 
3230 0.0006081156000000001 
3231 0.0006081156000000001 
3232 0.0002702736 
3233 0.0002702736 
3234 0.000337842 
3235 0.0002702736 
3236 0.0002702736 
3237 0.0002702736 
3238 0.0001351368 
3239 6.75684e-5 
3240 6.75684e-5 
3241 0.0002027052 
3242 0.0002027052 
3243 0.0001351368 
3244 0.0001351368 
3245 0.0001351368 
3246 0.0001351368 
3247 0.0002027052 
3248 0.0001351368 
3249 0.0001351368 
3250 0.00040541039999999996 
3251 0.0002027052 
3252 0.0002027052 
3253 0.0001351368 
3254 0.0001351368 
3255 0.0001351368 
3256 0.0001351368 
3257 0.0 
3258 6.75684e-5 
3259 6.75684e-5 
3260 6.75684e-5 
3261 0.0 
3262 0.0001351368 
3263 0.0001351368 
3264 0.0001351368 
3265 0.0002027052 
3266 0.0002027052 
3267 0.0001351368 
3268 0.000337842 
3269 0.0004054104 
3270 0.0004054104 
3271 0.0004054104 
3272 0.0006081156 
3273 0.0009459576000000001 
3274 0.0005405472 
3275 0.0006081156 
3276 0.0004054104 
3277 0.0004054104 
3278 0.0002027052 
3279 0.0004054104 
3280 0.0001351368 
3281 0.0001351368 
3282 0.0002027052 
3283 0.0002027052 
3284 0.0001351368 
3285 0.0001351368 
3286 0.0001351368 
3287 0.0001351368 
3288 0.0002027052 
3289 0.00040541039999999996 
3290 0.0005405472 
3291 0.0008783892000000001 
3292 0.0008783892000000001 
3293 0.0008783892000000001 
3294 0.00168921 
3295 0.00168921 
3296 0.0023648940000000006 
3297 0.0023648940000000006 
3298 0.0031081464000000006 
3299 0.0031081464000000006 
3300 0.003986535600000001 
3301 0.0031081464000000006 
3302 0.0031081464000000006 
3303 0.0031081464000000006 
3304 0.0020270520000000005 
3305 0.0020270520000000005 
3306 0.0012162312 
3307 0.0018243468000000004 
3308 0.0012162312 
3309 0.0012162312 
3310 0.0012162312 
3311 0.0014189364000000001 
3312 0.0014189364000000001 
3313 0.0014189364000000001 
3314 0.0009459576000000001 
3315 0.0009459576000000001 
3316 0.0014189364000000001 
3317 0.0014189364000000001 
3318 0.0014189364000000001 
3319 0.0012162312 
3320 0.0012162312 
3321 0.0012162312 
3322 0.0007432524 
3323 0.0007432524 
3324 0.000337842 
3325 0.000337842 
3326 0.0006756840000000001 
3327 0.0006756840000000001 
3328 0.0011486628 
3329 0.001351368 
3330 0.0020270520000000005 
3331 0.0018243468000000004 
3332 0.0020270520000000005 
3333 0.0027703044000000005 
3334 0.0027703044000000005 
3335 0.0020270520000000005 
3336 0.0018243468000000004 
3337 0.0020270520000000005 
3338 0.0027703044000000005 
3339 0.0031081464000000006 
3340 0.0031081464000000006 
3341 0.0031081464000000006 
3342 0.0035135568000000004 
3343 0.0035135568000000004 
3344 0.0027703044000000005 
3345 0.0027703044000000005 
3346 0.0021621888 
3347 0.00168921 
3348 0.0022973256000000004 
3349 0.0022973256000000004 
3350 0.0023648940000000006 
3351 0.0020270520000000005 
3352 0.0027703044000000005 
3353 0.0027703044000000005 
3354 0.0027703044000000005 
3355 0.0027703044000000005 
3356 0.0027027360000000003 
3357 0.0035811252000000006 
3358 0.003648693600000001 
3359 0.003918967200000001 
3360 0.003918967200000001 
3361 0.0049324932000000005 
3362 0.0049324932000000005 
3363 0.0049324932000000005 
