1 0.0025369652 
2 0.0013508516000000001 
3 0.00032947600000000004 
4 9.88428e-5 
5 3.29476e-5 
6 6.58952e-5 
7 9.88428e-5 
8 6.58952e-5 
9 3.29476e-5 
10 6.58952e-5 
11 6.58952e-5 
12 0.00016473800000000002 
13 0.00016473800000000002 
14 0.0001317904 
15 0.0001317904 
16 3.29476e-5 
17 0.0001317904 
18 0.0001317904 
19 0.0001317904 
20 0.00016473800000000002 
21 0.00019768560000000003 
22 0.00019768560000000003 
23 0.00019768560000000003 
24 0.00029652840000000003 
25 0.00019768560000000003 
26 0.00029652840000000003 
27 0.00016473800000000002 
28 0.00019768560000000003 
29 6.58952e-5 
30 6.58952e-5 
31 0.00016473800000000002 
32 0.00019768560000000003 
33 0.00016473800000000002 
34 0.0001976856 
35 0.0004612664 
36 0.0005601092 
37 0.0013508516000000001 
38 0.0015155896000000001 
39 0.0029652840000000003 
40 0.004283188 
41 0.006622467600000001 
42 0.007973319199999999 
43 0.0158807432 
44 0.0194061364 
45 0.027741879200000003 
46 0.0381533208 
47 0.050278037600000006 
48 0.0431284084 
49 0.03380423760000001 
50 0.027840722000000005 
51 0.019043712800000005 
52 0.01812118 
53 0.012025874 
54 0.0082698476 
55 0.006853100800000001 
56 0.0068860484 
57 0.0045467688 
58 0.0035583408 
59 0.0022404368 
60 0.0012190612 
61 0.0014496944000000002 
62 0.0006918996 
63 0.00036242360000000005 
64 0.00029652840000000003 
65 0.00016473800000000002 
66 0.0004612664000000001 
67 0.0007248472000000001 
68 0.0016473800000000004 
69 0.002141594 
70 0.0038548692000000004 
71 0.006095306 
72 0.010049018000000002 
73 0.0085334284 
74 0.008895852000000001 
75 0.0056340396 
76 0.0070507864 
77 0.0043490832 
78 0.0025699128 
79 0.0024051748 
80 0.0014826420000000002 
81 0.0013179040000000002 
82 0.0021745416 
83 0.0036242360000000003 
84 0.0031959172 
85 0.00411845 
86 0.0029323364000000004 
87 0.0024051748 
88 0.0014826420000000002 
89 0.0011202184000000002 
90 0.0013508516000000001 
91 0.0010872708 
92 0.0021745416 
93 0.0020427512000000003 
94 0.005106878 
95 0.005304563599999999 
96 0.029784630400000005 
97 0.07004659760000001 
98 0.06121664080000001 
99 0.0552201776 
100 0.0032288648000000004 
101 0.0037230788 
102 0.0012520088 
103 0.0016144324000000002 
104 0.0011531660000000002 
105 0.0017462228000000002 
106 0.0020098036000000003 
107 0.0032618124000000004 
108 0.005436354000000001 
109 0.006688362799999999 
110 0.012981354399999999 
111 0.014299258400000002 
112 0.013179040000000001 
113 0.010345546399999999 
114 0.0125530356 
115 0.0176599136 
116 0.025501442400000008 
117 0.0294222068 
118 0.04527000240000001 
119 0.048334129200000006 
120 0.061315483600000005 
121 0.0588444136 
122 0.0524525792 
123 0.0755817944 
124 0.06144727400000001 
125 0.034100766000000005 
126 0.0358799364 
127 0.04355672719999999 
128 0.0325851764 
129 0.0226020536 
130 0.018780132 
131 0.0100160704 
132 0.008500480799999998 
133 0.010839760400000002 
134 0.007116681600000001 
135 0.0036242360000000003 
136 0.0059964632 
137 0.0030970743999999997 
138 0.0020427512000000003 
139 0.0010543232 
140 0.0011531660000000002 
141 0.00036242360000000005 
142 0.0005601092 
143 0.0017791704000000002 
144 0.0018780132000000003 
145 0.0048103495999999996 
146 0.015221791200000003 
147 0.6206339411999999 
148 1.0725432228 
149 2.2289380876000005 
150 5.0682304652 
151 4.6776037195999995 
152 2.2319033716000005 
153 3.9449149908 
154 5.7416464616 
155 2.6482951404 
156 1.105227242 
157 0.03904290600000001 
158 0.023392796 
159 0.0063588868000000005 
160 0.0032947600000000003 
161 0.005205720799999999 
162 0.0038548692 
163 0.0020098036000000003 
164 0.0016803276000000001 
165 0.0008236900000000001 
166 0.0004612664 
167 9.88428e-5 
168 0.00019768560000000003 
169 0.0001317904 
170 0.00016473800000000002 
171 0.00016473800000000002 
172 0.00016473800000000002 
173 6.58952e-5 
174 0.0 
175 9.88428e-5 
176 6.58952e-5 
177 0.0002635808 
178 0.00016473800000000002 
179 0.0004612664 
180 0.0006260044 
181 0.00247107 
182 0.0022733844000000004 
183 0.003624236 
184 0.0027675984 
185 0.0034924456 
186 0.0017462228000000002 
187 0.0017791704000000002 
188 0.0007248472000000001 
189 0.0003953712 
190 0.0004612664 
191 0.0005930568000000001 
192 0.00042831880000000007 
193 0.0005930568000000001 
194 0.0005930568000000001 
195 0.0004612664 
196 0.0002635808 
197 0.0001976856 
198 0.00029652840000000003 
199 9.88428e-5 
200 0.00029652840000000003 
201 0.0003953712 
202 9.88428e-5 
203 0.0002635808 
204 3.29476e-5 
205 9.88428e-5 
206 0.0001317904 
207 0.00029652840000000003 
208 0.0008236900000000001 
209 0.0008566376 
210 0.0016473800000000002 
211 0.0021745416 
212 0.0024051748 
213 0.0029323364000000004 
214 0.0032618124000000004 
215 0.0063918344 
216 0.0090935376 
217 0.015188843600000002 
218 0.0193402412 
219 0.025765023200000004 
220 0.0363082552 
221 0.0347926656 
222 0.0429636704 
223 0.05406701160000001 
224 0.05080519920000001 
225 0.0533421644 
226 0.046554958800000004 
227 0.03515508920000001 
228 0.029191573600000006 
229 0.032058014800000006 
230 0.027148822399999994 
231 0.016276114400000003 
232 0.0171656996 
233 0.0122894548 
234 0.0063918344 
235 0.0096536468 
236 0.005436354000000001 
237 0.0040196072 
238 0.0025040176 
239 0.0017791704000000002 
240 0.0011531660000000002 
241 0.0009554804000000001 
242 0.0005601092 
243 0.00036242360000000005 
244 0.00019768560000000003 
245 0.0003953712 
246 0.00029652840000000003 
247 0.0002635808 
248 0.00029652840000000003 
249 0.00029652840000000003 
250 0.00029652840000000003 
251 0.00016473800000000002 
252 0.00032947600000000004 
253 0.00029652840000000003 
254 0.00032947600000000004 
255 0.00032947600000000004 
256 0.00016473800000000002 
257 0.00016473800000000002 
258 0.00016473800000000002 
259 0.00016473800000000002 
260 0.00032947600000000004 
261 0.00016473800000000002 
262 0.00016473800000000002 
263 0.00029652840000000003 
264 0.00029652840000000003 
265 0.0003953712 
266 0.00029652840000000003 
267 0.00029652840000000003 
268 0.0003953712 
269 0.0003953712 
270 0.0003953712 
271 0.0003953712 
272 0.0003953712 
273 0.0003953712 
274 0.0003953712 
275 0.0003953712 
276 0.0003953712 
277 0.00029652840000000003 
278 0.00029652840000000003 
279 0.00029652840000000003 
280 0.00029652840000000003 
281 0.00029652840000000003 
282 0.0003953712 
283 0.00029652840000000003 
284 0.00029652840000000003 
285 0.0003953712 
286 0.0003953712 
287 0.00029652840000000003 
288 0.00029652840000000003 
289 0.0003953712 
290 0.00029652840000000003 
291 0.00029652840000000003 
292 0.0004612664000000001 
293 0.0004612664000000001 
294 0.0004612664000000001 
295 0.0006918996 
296 0.0006589520000000001 
297 0.0008236900000000001 
298 0.0008236900000000001 
299 0.0008236900000000001 
300 0.0006589520000000001 
301 0.0006589520000000001 
302 0.0006589520000000001 
303 0.0006589520000000001 
304 0.0005930568 
305 0.0009884280000000002 
306 0.0006918996 
307 0.0006918996 
308 0.0006589520000000001 
309 0.00042831880000000007 
310 0.00042831880000000007 
311 0.0002635808 
312 0.0002635808 
313 0.0002635808 
314 0.0002635808 
315 0.00016473800000000002 
316 0.00016473800000000002 
317 0.00032947600000000004 
318 0.00016473800000000002 
319 0.00016473800000000002 
320 0.00016473800000000002 
321 0.00016473800000000002 
322 0.00019768560000000003 
323 0.00019768560000000003 
324 0.00019768560000000003 
325 9.88428e-5 
326 9.88428e-5 
327 9.88428e-5 
328 9.88428e-5 
329 0.00016473800000000002 
330 0.00016473800000000002 
331 0.00032947600000000004 
332 0.00032947600000000004 
333 0.00032947600000000004 
334 0.00032947600000000004 
335 0.00042831880000000007 
336 0.00042831880000000007 
337 0.00042831880000000007 
338 0.00042831880000000007 
339 0.00042831880000000007 
340 0.00042831880000000007 
341 0.00042831880000000007 
342 0.00032947600000000004 
343 0.00032947600000000004 
344 0.00029652840000000003 
345 0.00032947600000000004 
346 0.0005271616 
347 0.00032947600000000004 
348 0.00029652840000000003 
349 0.00029652840000000003 
350 0.00029652840000000003 
351 0.00029652840000000003 
352 0.00016473800000000002 
353 0.00016473800000000002 
354 0.00019768560000000003 
355 0.00019768560000000003 
356 0.00016473800000000002 
357 0.00016473800000000002 
358 0.00032947600000000004 
359 0.00042831880000000007 
360 0.0002635808 
361 0.0002635808 
362 0.00042831880000000007 
363 0.00042831880000000007 
364 0.00042831880000000007 
365 0.00042831880000000007 
366 0.00032947600000000004 
367 0.00032947600000000004 
368 0.00032947600000000004 
369 0.00016473800000000002 
370 0.00016473800000000002 
371 0.0002635808 
372 0.00016473800000000002 
373 0.00016473800000000002 
374 0.00019768560000000003 
375 0.00016473800000000002 
376 0.00016473800000000002 
377 0.00016473800000000002 
378 0.00032947600000000004 
379 0.00016473800000000002 
380 0.00016473800000000002 
381 0.00016473800000000002 
382 0.00016473800000000002 
383 0.00016473800000000002 
384 0.00019768560000000003 
385 0.00019768560000000003 
386 9.88428e-5 
387 9.88428e-5 
388 0.00016473800000000002 
389 6.58952e-5 
390 0.00016473800000000002 
391 0.00016473800000000002 
392 0.00016473800000000002 
393 6.58952e-5 
394 6.58952e-5 
395 6.58952e-5 
396 6.58952e-5 
397 9.88428e-5 
398 9.88428e-5 
399 9.88428e-5 
400 9.88428e-5 
401 9.88428e-5 
402 9.88428e-5 
403 9.88428e-5 
404 9.88428e-5 
405 0.00016473800000000002 
406 0.00016473800000000002 
407 0.00016473800000000002 
408 0.00016473800000000002 
409 0.00032947600000000004 
410 0.00029652840000000003 
411 0.00029652840000000003 
412 0.00029652840000000003 
413 0.00029652840000000003 
414 0.00029652840000000003 
415 0.00029652840000000003 
416 0.00029652840000000003 
417 0.00032947600000000004 
418 0.00032947600000000004 
419 0.00032947600000000004 
420 0.00036242360000000005 
421 0.00032947600000000004 
422 0.00032947600000000004 
423 0.00016473800000000002 
424 0.00016473800000000002 
425 0.00016473800000000002 
426 0.00016473800000000002 
427 0.00016473800000000002 
428 6.58952e-5 
429 0.00016473800000000002 
430 0.00016473800000000002 
431 0.00016473800000000002 
432 9.88428e-5 
433 9.88428e-5 
434 9.88428e-5 
435 9.88428e-5 
436 9.88428e-5 
437 9.88428e-5 
438 9.88428e-5 
439 9.88428e-5 
440 9.88428e-5 
441 9.88428e-5 
442 6.58952e-5 
443 6.58952e-5 
444 9.88428e-5 
445 9.88428e-5 
446 0.00016473800000000002 
447 9.88428e-5 
448 9.88428e-5 
449 0.00019768560000000003 
450 0.0002635808 
451 0.00016473800000000002 
452 0.00016473800000000002 
453 0.00042831880000000007 
454 0.0002635808 
455 0.00016473800000000002 
456 0.00016473800000000002 
457 0.00016473800000000002 
458 0.0001317904 
459 0.00032947600000000004 
460 0.00036242360000000005 
461 0.00032947600000000004 
462 0.00032947600000000004 
463 0.00036242360000000005 
464 0.0001976856 
465 0.00016473800000000002 
466 0.00016473800000000002 
467 0.0002635808 
468 0.00016473800000000002 
469 0.00016473800000000002 
470 0.00032947600000000004 
471 0.00032947600000000004 
472 0.00032947600000000004 
473 0.00032947600000000004 
474 0.00036242360000000005 
475 0.00032947600000000004 
476 0.00032947600000000004 
477 0.00032947600000000004 
478 0.00032947600000000004 
479 0.00032947600000000004 
480 0.00032947600000000004 
481 0.00032947600000000004 
482 0.00029652840000000003 
483 0.00016473800000000002 
484 0.00016473800000000002 
485 0.00016473800000000002 
486 0.00016473800000000002 
487 0.00016473800000000002 
488 0.00016473800000000002 
489 0.00016473800000000002 
490 0.00016473800000000002 
491 0.00016473800000000002 
492 0.00032947600000000004 
493 0.00032947600000000004 
494 0.00029652840000000003 
495 0.0005271616 
496 0.00032947600000000004 
497 0.00032947600000000004 
498 0.00032947600000000004 
499 0.00042831880000000007 
500 0.00042831880000000007 
501 0.00042831880000000007 
502 0.0008566376 
503 0.0008566376 
504 0.0006918996 
505 0.0009884280000000002 
506 0.0009884280000000002 
507 0.0009884280000000002 
508 0.0009884280000000002 
509 0.0008895852 
510 0.0008895852 
511 0.0006589520000000001 
512 0.0006589520000000001 
513 0.0006589520000000001 
514 0.0006589520000000001 
515 0.0006589520000000001 
516 0.0006589520000000001 
517 0.0005601092 
518 0.0005601092 
519 0.00042831880000000007 
520 0.00032947600000000004 
521 0.00042831880000000007 
522 0.00042831880000000007 
523 0.00042831880000000007 
524 0.0005601092 
525 0.0005601092 
526 0.0005601092 
527 0.0005930568 
528 0.0008566376 
529 0.0008566376 
530 0.0008566376 
531 0.0005271616 
532 0.0005271616 
533 0.0005271616 
534 0.0005601092 
535 0.0005271616 
536 0.0005271616 
537 0.0005271616 
538 0.0005271616 
539 0.0005271616 
540 0.0005271616 
541 0.00029652840000000003 
542 0.00029652840000000003 
543 0.00029652840000000003 
544 0.00016473800000000002 
545 0.00029652840000000003 
546 0.00032947600000000004 
547 0.00032947600000000004 
548 0.00029652840000000003 
549 0.0005271616 
550 0.0005601092 
551 0.0005271616 
552 0.0005601092 
553 0.0005601092 
554 0.0008895852 
555 0.0008895852 
556 0.0008566376 
557 0.0008566376 
558 0.0005601092 
559 0.0005601092 
560 0.0005601092 
561 0.0005601092 
562 0.0005601092 
563 0.00032947600000000004 
564 0.00032947600000000004 
565 0.00036242360000000005 
566 0.00036242360000000005 
567 0.00036242360000000005 
568 0.00029652840000000003 
569 0.00029652840000000003 
570 0.00029652840000000003 
571 0.0003953712 
572 0.0003953712 
573 0.0003953712 
574 0.0005601092000000001 
575 0.0005601092000000001 
576 0.0005601092000000001 
577 0.0004612664 
578 0.0005601092000000001 
579 0.0005601092000000001 
580 0.0005601092000000001 
581 0.0005601092000000001 
582 0.0003953712 
583 0.0003953712 
584 0.0003953712 
585 0.00029652840000000003 
586 0.00029652840000000003 
587 0.00029652840000000003 
588 0.00019768560000000003 
589 0.00036242360000000005 
590 0.00036242360000000005 
591 0.0004612664000000001 
592 0.0004612664000000001 
593 0.0004612664000000001 
594 0.0004612664000000001 
595 0.0005601092000000001 
596 0.0005601092000000001 
597 0.0005601092000000001 
598 0.0005601092000000001 
599 0.0005601092000000001 
600 0.0005601092000000001 
601 0.0005601092000000001 
602 0.0009554804000000001 
603 0.0007907424000000001 
604 0.0009554804000000001 
605 0.0009554804000000001 
606 0.0011861136000000001 
607 0.0008566376000000001 
608 0.0007248472000000001 
609 0.0007248472000000001 
610 0.0007248472000000001 
611 0.0007248472000000001 
612 0.0007248472000000001 
613 0.0007248472000000001 
614 0.0005601092000000001 
615 0.0005601092000000001 
616 0.0005601092000000001 
617 0.0003953712 
618 0.00029652840000000003 
619 0.00029652840000000003 
620 0.00019768560000000003 
621 0.00019768560000000003 
622 0.00029652840000000003 
623 0.0004612664000000001 
624 0.0003953712 
625 0.0005601092000000001 
626 0.0003953712 
627 0.0003953712 
628 0.0003953712 
629 0.0003953712 
630 0.0003953712 
631 0.0003953712 
632 0.0003953712 
633 0.00029652840000000003 
634 0.00029652840000000003 
635 0.00029652840000000003 
636 0.00029652840000000003 
637 0.00029652840000000003 
638 0.00029652840000000003 
639 0.00019768560000000003 
640 0.00029652840000000003 
641 0.00029652840000000003 
642 0.00019768560000000003 
643 0.00029652840000000003 
644 0.00029652840000000003 
645 0.0003953712 
646 0.0003953712 
647 0.0005601092000000001 
648 0.0005601092000000001 
649 0.0005601092000000001 
650 0.0005601092000000001 
651 0.0007248472000000001 
652 0.0007248472000000001 
653 0.0009554804000000001 
654 0.0009554804000000001 
655 0.0009554804000000001 
656 0.0009554804000000001 
657 0.0013508516000000001 
658 0.0013508516000000001 
659 0.0011202184000000002 
660 0.0007248472000000001 
661 0.0007248472000000001 
662 0.0007248472000000001 
663 0.0007248472000000001 
664 0.0005601092000000001 
665 0.0005601092000000001 
666 0.0005601092000000001 
667 0.0003953712 
668 0.0003953712 
669 0.0003953712 
670 0.0003953712 
671 0.00029652840000000003 
672 0.00029652840000000003 
673 0.00029652840000000003 
674 0.00029652840000000003 
675 0.00029652840000000003 
676 0.00029652840000000003 
677 0.0002635808 
678 0.0002635808 
679 0.0002635808 
680 0.00029652840000000003 
681 9.88428e-5 
682 9.88428e-5 
683 9.88428e-5 
684 0.00019768560000000003 
685 0.00029652840000000003 
686 0.00029652840000000003 
687 0.0003953712 
688 0.0003953712 
689 0.0003953712 
690 0.0003953712 
691 0.0007248472000000001 
692 0.0005601092000000001 
693 0.0007248472000000001 
694 0.0007248472000000001 
695 0.0005601092000000001 
696 0.0005601092000000001 
697 0.00029652840000000003 
698 0.00029652840000000003 
699 0.00029652840000000003 
700 0.00029652840000000003 
701 0.00029652840000000003 
702 0.0002635808 
703 0.00029652840000000003 
704 0.0002635808 
705 0.0002635808 
706 0.0002635808 
707 6.58952e-5 
708 6.58952e-5 
709 9.88428e-5 
710 9.88428e-5 
711 9.88428e-5 
712 9.88428e-5 
713 9.88428e-5 
714 9.88428e-5 
715 9.88428e-5 
716 9.88428e-5 
717 9.88428e-5 
718 9.88428e-5 
719 9.88428e-5 
720 9.88428e-5 
721 9.88428e-5 
722 0.00019768560000000003 
723 9.88428e-5 
724 9.88428e-5 
725 9.88428e-5 
726 9.88428e-5 
727 9.88428e-5 
728 9.88428e-5 
729 9.88428e-5 
730 9.88428e-5 
731 9.88428e-5 
732 9.88428e-5 
733 9.88428e-5 
734 9.88428e-5 
735 9.88428e-5 
736 9.88428e-5 
737 9.88428e-5 
738 9.88428e-5 
739 6.58952e-5 
740 6.58952e-5 
741 6.58952e-5 
742 6.58952e-5 
743 6.58952e-5 
744 6.58952e-5 
745 6.58952e-5 
746 6.58952e-5 
747 6.58952e-5 
748 6.58952e-5 
749 9.88428e-5 
750 9.88428e-5 
751 9.88428e-5 
752 0.00019768560000000003 
753 0.00019768560000000003 
754 9.88428e-5 
755 0.00019768560000000003 
756 0.0003953712 
757 0.00029652840000000003 
758 0.00029652840000000003 
759 0.00029652840000000003 
760 0.0004612664000000001 
761 0.0005601092000000001 
762 0.0005601092000000001 
763 0.0005601092000000001 
764 0.0005601092000000001 
765 0.0008895852000000001 
766 0.0011202184000000002 
767 0.0011202184000000002 
768 0.0011202184000000002 
769 0.0008895852000000001 
770 0.0011202184000000002 
771 0.0008895852000000001 
772 0.0008895852000000001 
773 0.0008895852000000001 
774 0.0008895852000000001 
775 0.0008895852000000001 
776 0.0007248472000000001 
777 0.0007248472000000001 
778 0.0007248472000000001 
779 0.0007248472000000001 
780 0.0007248472000000001 
781 0.0007248472000000001 
782 0.0007248472000000001 
783 0.0009554804000000001 
784 0.0009554804000000001 
785 0.0009554804000000001 
786 0.0008566376000000001 
787 0.0006260044 
788 0.0007248472000000001 
789 0.0005601092000000001 
790 0.0007248472000000001 
791 0.0007248472000000001 
792 0.0006260044 
793 0.0004612664 
794 0.0006260044 
795 0.0006260044 
796 0.0004612664 
797 0.0004612664 
798 0.0005930568000000001 
799 0.00042831880000000007 
800 0.00042831880000000007 
801 0.00042831880000000007 
802 0.0002635808 
803 0.00029652840000000003 
804 0.00029652840000000003 
805 0.00029652840000000003 
806 0.00029652840000000003 
807 0.00029652840000000003 
808 0.00019768560000000003 
809 0.00019768560000000003 
810 0.00029652840000000003 
811 0.00016473800000000002 
812 9.88428e-5 
813 9.88428e-5 
814 9.88428e-5 
815 9.88428e-5 
816 0.00019768560000000003 
817 9.88428e-5 
818 0.00019768560000000003 
819 0.00019768560000000003 
820 0.00019768560000000003 
821 0.00029652840000000003 
822 0.00029652840000000003 
823 0.00029652840000000003 
824 9.88428e-5 
825 0.00029652840000000003 
826 9.88428e-5 
827 9.88428e-5 
828 9.88428e-5 
829 9.88428e-5 
830 9.88428e-5 
831 9.88428e-5 
832 9.88428e-5 
833 9.88428e-5 
834 0.00016473800000000002 
835 0.00016473800000000002 
836 0.0002635808 
837 0.0002635808 
838 0.0001976856 
839 0.00029652840000000003 
840 0.00029652840000000003 
841 0.00029652840000000003 
842 0.0004612664 
843 0.00029652840000000003 
844 0.00029652840000000003 
845 0.0003953712 
846 0.0003953712 
847 0.0003953712 
848 0.0003953712 
849 0.0003953712 
850 0.0005601092000000001 
851 0.0003953712 
852 0.0003953712 
853 0.0005601092000000001 
854 0.0005601092000000001 
855 0.0005601092000000001 
856 0.0005601092000000001 
857 0.0005601092000000001 
858 0.0005601092000000001 
859 0.0005601092000000001 
860 0.0005601092000000001 
861 0.0004612664000000001 
862 0.0004612664000000001 
863 0.0004612664000000001 
864 0.00036242360000000005 
865 0.0004612664000000001 
866 0.0006918996 
867 0.0007907424000000001 
868 0.0007907424000000001 
869 0.0007907424000000001 
870 0.0007907424000000001 
871 0.0009554804000000001 
872 0.0007248472000000001 
873 0.0009554804000000001 
874 0.0007907424000000001 
875 0.0005601092000000001 
876 0.0005601092000000001 
877 0.0005601092000000001 
878 0.0005601092000000001 
879 0.0005601092000000001 
880 0.0005601092000000001 
881 0.0005601092000000001 
882 0.0004612664000000001 
883 0.0005601092000000001 
884 0.0004612664000000001 
885 0.0005601092000000001 
886 0.0005601092000000001 
887 0.0007907424000000001 
888 0.0007907424000000001 
889 0.0005601092000000001 
890 0.0005601092000000001 
891 0.0011202184000000002 
892 0.0011202184000000002 
893 0.0008895852000000001 
894 0.0008895852000000001 
895 0.0008895852000000001 
896 0.0008895852000000001 
897 0.0008895852000000001 
898 0.0008895852000000001 
899 0.0008895852000000001 
900 0.0007248472000000001 
901 0.0007248472000000001 
902 0.0007248472000000001 
903 0.0007248472000000001 
904 0.0007248472000000001 
905 0.0007248472000000001 
906 0.0007248472000000001 
907 0.0006260044 
908 0.0006260044 
909 0.0006260044 
910 0.0006260044 
911 0.0006260044 
912 0.0004612664 
913 0.0006260044 
914 0.0005930568000000001 
915 0.0005930568000000001 
916 0.00042831880000000007 
917 0.0002635808 
918 0.0002635808 
919 0.0002635808 
920 0.0002635808 
921 0.0002635808 
922 0.0002635808 
923 0.0002635808 
924 0.00029652840000000003 
925 0.0002635808 
926 0.0002635808 
927 0.00029652840000000003 
928 0.00029652840000000003 
929 0.00019768560000000003 
930 0.00029652840000000003 
931 0.00029652840000000003 
932 9.88428e-5 
933 9.88428e-5 
934 9.88428e-5 
935 9.88428e-5 
936 9.88428e-5 
937 9.88428e-5 
938 9.88428e-5 
939 9.88428e-5 
940 9.88428e-5 
941 0.00019768560000000003 
942 0.00019768560000000003 
943 0.00019768560000000003 
944 0.00019768560000000003 
945 0.00019768560000000003 
946 0.00019768560000000003 
947 0.00019768560000000003 
948 0.00019768560000000003 
949 0.00019768560000000003 
950 9.88428e-5 
951 0.00019768560000000003 
952 9.88428e-5 
953 9.88428e-5 
954 0.00019768560000000003 
955 0.00019768560000000003 
956 0.00019768560000000003 
957 0.00019768560000000003 
958 0.00019768560000000003 
959 0.00019768560000000003 
960 0.00019768560000000003 
961 0.00019768560000000003 
962 0.00019768560000000003 
963 0.00019768560000000003 
964 0.00019768560000000003 
965 0.00019768560000000003 
966 0.00019768560000000003 
967 0.00019768560000000003 
968 9.88428e-5 
969 0.00019768560000000003 
970 9.88428e-5 
971 9.88428e-5 
972 9.88428e-5 
973 9.88428e-5 
974 9.88428e-5 
975 9.88428e-5 
976 9.88428e-5 
977 9.88428e-5 
978 9.88428e-5 
979 9.88428e-5 
980 9.88428e-5 
981 9.88428e-5 
982 9.88428e-5 
983 9.88428e-5 
984 9.88428e-5 
985 9.88428e-5 
986 6.58952e-5 
987 9.88428e-5 
988 9.88428e-5 
989 6.58952e-5 
990 6.58952e-5 
991 6.58952e-5 
992 6.58952e-5 
993 6.58952e-5 
994 6.58952e-5 
995 6.58952e-5 
996 9.88428e-5 
997 9.88428e-5 
998 9.88428e-5 
999 0.00019768560000000003 
1000 9.88428e-5 
1001 9.88428e-5 
1002 0.00019768560000000003 
1003 0.00029652840000000003 
1004 0.00029652840000000003 
1005 0.00019768560000000003 
1006 0.00029652840000000003 
1007 0.0003953712 
1008 0.00029652840000000003 
1009 0.00029652840000000003 
1010 0.00029652840000000003 
1011 0.00029652840000000003 
1012 0.00019768560000000003 
1013 0.00019768560000000003 
1014 9.88428e-5 
1015 0.00019768560000000003 
1016 0.00019768560000000003 
1017 0.00029652840000000003 
1018 0.00029652840000000003 
1019 0.00029652840000000003 
1020 0.00029652840000000003 
1021 0.0003953712 
1022 0.0003953712 
1023 0.0003953712 
1024 0.0003953712 
1025 0.0003953712 
1026 0.0003953712 
1027 0.0003953712 
1028 0.00029652840000000003 
1029 0.00029652840000000003 
1030 0.00029652840000000003 
1031 0.0002635808 
1032 0.0002635808 
1033 0.00029652840000000003 
1034 0.00029652840000000003 
1035 0.00029652840000000003 
1036 0.00029652840000000003 
1037 0.0003953712 
1038 0.0003953712 
1039 0.0003953712 
1040 0.0003953712 
1041 0.0003953712 
1042 0.0003953712 
1043 0.0003953712 
1044 0.0005601092000000001 
1045 0.0005601092000000001 
1046 0.0003953712 
1047 0.0003953712 
1048 0.0003953712 
1049 0.0003953712 
1050 0.0003953712 
1051 0.00019768560000000003 
1052 0.00019768560000000003 
1053 0.00019768560000000003 
1054 0.00036242360000000005 
1055 0.00036242360000000005 
1056 0.00036242360000000005 
1057 0.0005930568 
1058 0.0005601092 
1059 0.0005601092 
1060 0.0005601092 
1061 0.00032947600000000004 
1062 0.00036242360000000005 
1063 0.00036242360000000005 
1064 0.00036242360000000005 
1065 0.00036242360000000005 
1066 0.00036242360000000005 
1067 0.00036242360000000005 
1068 0.00036242360000000005 
1069 0.00036242360000000005 
1070 0.0005601092000000001 
1071 0.0005601092000000001 
1072 0.0003953712 
1073 0.0003953712 
1074 0.0005601092000000001 
1075 0.0005601092000000001 
1076 0.0005601092000000001 
1077 0.0005601092000000001 
1078 0.0004612664000000001 
1079 0.0005601092000000001 
1080 0.0005601092000000001 
1081 0.00029652840000000003 
1082 0.0003953712 
1083 0.0005601092000000001 
1084 0.0005601092000000001 
1085 0.0005601092000000001 
1086 0.0005601092000000001 
1087 0.0007907424000000001 
1088 0.0007907424000000001 
1089 0.0006918996 
1090 0.0006918996 
1091 0.0005930568 
1092 0.0005930568 
1093 0.0005930568 
1094 0.0005930568 
1095 0.0005930568 
1096 0.0005601092 
1097 0.0005271616 
1098 0.00029652840000000003 
1099 0.00029652840000000003 
1100 0.00029652840000000003 
1101 0.00029652840000000003 
1102 0.00029652840000000003 
1103 0.0001317904 
1104 0.00016473800000000002 
1105 0.00016473800000000002 
1106 0.00036242360000000005 
1107 0.00036242360000000005 
1108 0.00036242360000000005 
1109 0.00036242360000000005 
1110 0.0005930568 
1111 0.0005930568 
1112 0.0006918996 
1113 0.0008895852 
1114 0.0009884280000000002 
1115 0.0009884280000000002 
1116 0.0009884280000000002 
1117 0.0013508516000000001 
1118 0.0013508516000000001 
1119 0.0013508516000000001 
1120 0.0013508516000000001 
1121 0.0014496944000000002 
1122 0.0013179040000000002 
1123 0.0013179040000000002 
1124 0.0009554804000000001 
1125 0.0009554804000000001 
1126 0.0006589520000000001 
1127 0.0008236900000000001 
1128 0.0005930568000000001 
1129 0.0005930568000000001 
1130 0.0005930568000000001 
1131 0.00042831880000000007 
1132 0.00042831880000000007 
1133 0.00032947600000000004 
1134 0.00032947600000000004 
1135 0.00029652840000000003 
1136 0.00029652840000000003 
1137 0.00029652840000000003 
1138 0.0005271616 
1139 0.00029652840000000003 
1140 0.0005601092 
1141 0.00032947600000000004 
1142 0.00032947600000000004 
1143 0.00032947600000000004 
1144 0.00032947600000000004 
1145 0.00016473800000000002 
1146 0.00016473800000000002 
1147 0.00016473800000000002 
1148 0.00016473800000000002 
1149 0.0002635808 
1150 0.0002635808 
1151 0.00042831880000000007 
1152 0.00042831880000000007 
1153 0.00042831880000000007 
1154 0.0006589520000000001 
1155 0.0006589520000000001 
1156 0.0008566376 
1157 0.0009554804000000001 
1158 0.0009554804000000001 
1159 0.0014826420000000002 
1160 0.0014826420000000002 
1161 0.0014826420000000002 
1162 0.0017132752000000003 
1163 0.002141594 
1164 0.0026358080000000003 
1165 0.0026358080000000003 
1166 0.0024051748 
1167 0.0022404368 
1168 0.0022404368 
1169 0.0021745416 
1170 0.0016803276000000001 
1171 0.0017791704000000002 
1172 0.0017462228000000002 
1173 0.0014826420000000002 
1174 0.0019109608000000002 
1175 0.0014826420000000002 
1176 0.0011202184000000002 
1177 0.0009554804000000001 
1178 0.0006589520000000001 
1179 0.0005930568 
1180 0.00036242360000000005 
1181 0.00036242360000000005 
1182 0.00036242360000000005 
1183 0.00019768560000000003 
1184 0.0002635808 
1185 0.00042831880000000007 
1186 0.0005930568000000001 
1187 0.0005930568000000001 
1188 0.0010543232 
1189 0.0010543232 
1190 0.0016473800000000002 
1191 0.0016803276000000001 
1192 0.0020427512000000003 
1193 0.00247107 
1194 0.0020427512000000003 
1195 0.0020427512000000003 
1196 0.0013508516000000001 
1197 0.0013508516000000001 
1198 0.0008236900000000001 
1199 0.0008236900000000001 
1200 0.0005930568000000001 
1201 0.0002635808 
1202 0.0002635808 
1203 0.00019768560000000003 
1204 0.00019768560000000003 
1205 0.00042831880000000007 
1206 0.0002635808 
1207 0.0002635808 
1208 0.00019768560000000003 
1209 0.00019768560000000003 
1210 0.00016473800000000002 
1211 0.00042831880000000007 
1212 0.00042831880000000007 
1213 0.0006589520000000001 
1214 0.0006589520000000001 
1215 0.0011531660000000002 
1216 0.0015155896000000001 
1217 0.0015155896000000001 
1218 0.0019439084000000002 
1219 0.0019439084000000002 
1220 0.0017791704000000002 
1221 0.0013508516000000001 
1222 0.0009884280000000002 
1223 0.0005930568 
1224 0.0005930568 
1225 0.00032947600000000004 
1226 0.00032947600000000004 
1227 0.00032947600000000004 
1228 0.00042831880000000007 
1229 0.00042831880000000007 
1230 0.0005930568000000001 
1231 0.0008236900000000001 
1232 0.0011202184000000002 
1233 0.0011202184000000002 
1234 0.0010543232 
1235 0.0013508516000000001 
1236 0.0016803276000000001 
1237 0.0020427512000000003 
1238 0.00247107 
1239 0.0029652840000000003 
1240 0.0028334936 
1241 0.0028334936 
1242 0.0028334936 
1243 0.0024051748 
1244 0.0020427512000000003 
1245 0.00247107 
1246 0.00247107 
1247 0.0017462228000000002 
1248 0.0017462228000000002 
1249 0.0017462228000000002 
1250 0.0013508516000000001 
1251 0.0010543232 
1252 0.0008236900000000001 
1253 0.0005930568000000001 
1254 0.0005930568000000001 
1255 0.0006589520000000001 
1256 0.00032947600000000004 
1257 0.0005930568 
1258 0.00029652840000000003 
1259 0.00029652840000000003 
1260 0.00029652840000000003 
1261 0.00029652840000000003 
1262 0.00029652840000000003 
1263 0.00029652840000000003 
1264 0.0005601092 
1265 0.0008566376 
1266 0.0012520088 
1267 0.0012520088 
1268 0.0021745416 
1269 0.0022733844 
1270 0.0021745416 
1271 0.0021745416 
1272 0.0022733844 
1273 0.0027346507999999998 
1274 0.0022733844 
1275 0.0022733844 
1276 0.0028334935999999996 
1277 0.0022733844 
1278 0.0024381224 
1279 0.0021745416 
1280 0.00247107 
1281 0.0024051748 
1282 0.0020427512000000003 
1283 0.0017462228000000002 
1284 0.0013508516000000001 
1285 0.0011202184000000002 
1286 0.0008236900000000001 
1287 0.0008236900000000001 
1288 0.00042831880000000007 
1289 0.00042831880000000007 
1290 0.00016473800000000002 
1291 0.00016473800000000002 
1292 0.0001317904 
1293 6.58952e-5 
1294 0.00016473800000000002 
1295 0.0001317904 
1296 0.00032947600000000004 
1297 0.00032947600000000004 
1298 0.00032947600000000004 
1299 0.0006589520000000001 
1300 0.0006589520000000001 
1301 0.0009554804000000001 
1302 0.0011202184000000002 
1303 0.0014826420000000002 
1304 0.0017462228000000002 
1305 0.0020427512000000003 
1306 0.0020427512000000003 
1307 0.0020098036000000003 
1308 0.0020098036000000003 
1309 0.002141594 
1310 0.0017132752000000003 
1311 0.0013508516000000001 
1312 0.0013508516000000001 
1313 0.0010543232 
1314 0.0010543232 
1315 0.0008236900000000001 
1316 0.0006589520000000001 
1317 0.0006589520000000001 
1318 0.0006589520000000001 
1319 0.0005601092 
1320 0.0005601092 
1321 0.0005601092 
1322 0.0005601092 
1323 0.00029652840000000003 
1324 0.00029652840000000003 
1325 0.00029652840000000003 
1326 0.0001317904 
1327 0.0001317904 
1328 0.00016473800000000002 
1329 9.88428e-5 
1330 0.00019768560000000003 
1331 0.00019768560000000003 
1332 0.00036242360000000005 
1333 0.00042831880000000007 
1334 0.0008236900000000001 
1335 0.0008236900000000001 
1336 0.0010543232 
1337 0.0016473800000000002 
1338 0.0016803276000000001 
1339 0.0024051748 
1340 0.0028334936 
1341 0.0028334936 
1342 0.0033277076000000003 
1343 0.00247107 
1344 0.0028334936 
1345 0.0029652840000000003 
1346 0.0026358080000000003 
1347 0.0034924456 
1348 0.0038878168 
1349 0.0035253932 
1350 0.0038878168 
1351 0.0037560264000000006 
1352 0.0033277076000000003 
1353 0.0033277076000000003 
1354 0.0028334936 
1355 0.0028334936 
1356 0.00247107 
1357 0.0020427512000000003 
1358 0.0020098036000000003 
1359 0.0017132752000000003 
1360 0.0013508516000000001 
1361 0.0011202184000000002 
1362 0.0006589520000000001 
1363 0.0006589520000000001 
1364 0.00032947600000000004 
1365 0.0002635808 
1366 0.00016473800000000002 
1367 6.58952e-5 
1368 0.00016473800000000002 
1369 0.00016473800000000002 
1370 0.00016473800000000002 
1371 0.00016473800000000002 
1372 0.00032947600000000004 
1373 0.00032947600000000004 
1374 0.00032947600000000004 
1375 0.0005601092 
1376 0.0005601092 
1377 0.0005601092 
1378 0.0005601092 
1379 0.0005601092 
1380 0.0005601092 
1381 0.0006589520000000001 
1382 0.00042831880000000007 
1383 0.00042831880000000007 
1384 0.0002635808 
1385 0.0002635808 
1386 0.0002635808 
1387 0.00016473800000000002 
1388 0.00032947600000000004 
1389 0.00029652840000000003 
1390 0.00019768560000000003 
1391 0.0002635808 
1392 0.0002635808 
1393 0.00016473800000000002 
1394 0.00016473800000000002 
1395 0.00016473800000000002 
1396 0.00016473800000000002 
1397 0.00016473800000000002 
1398 0.00016473800000000002 
1399 0.00016473800000000002 
1400 0.00016473800000000002 
1401 0.00016473800000000002 
1402 0.00016473800000000002 
1403 0.00016473800000000002 
1404 6.58952e-5 
1405 6.58952e-5 
1406 6.58952e-5 
1407 6.58952e-5 
1408 6.58952e-5 
1409 6.58952e-5 
1410 6.58952e-5 
1411 6.58952e-5 
1412 6.58952e-5 
1413 6.58952e-5 
1414 6.58952e-5 
1415 6.58952e-5 
1416 6.58952e-5 
1417 6.58952e-5 
1418 6.58952e-5 
1419 3.29476e-5 
1420 3.29476e-5 
1421 3.29476e-5 
1422 3.29476e-5 
1423 3.29476e-5 
1424 6.58952e-5 
1425 0.00016473800000000002 
1426 6.58952e-5 
1427 0.00016473800000000002 
1428 6.58952e-5 
1429 0.00016473800000000002 
1430 0.00016473800000000002 
1431 0.00016473800000000002 
1432 0.0002635808 
1433 0.0002635808 
1434 0.0002635808 
1435 0.0002635808 
1436 0.0002635808 
1437 0.0002635808 
1438 0.0002635808 
1439 0.00042831880000000007 
1440 0.00042831880000000007 
1441 0.00042831880000000007 
1442 0.00042831880000000007 
1443 0.00042831880000000007 
1444 0.00042831880000000007 
1445 0.00042831880000000007 
1446 0.00042831880000000007 
1447 0.00042831880000000007 
1448 0.00042831880000000007 
1449 0.0002635808 
1450 0.0002635808 
1451 0.0002635808 
1452 0.0002635808 
1453 0.0002635808 
1454 0.00016473800000000002 
1455 0.00016473800000000002 
1456 0.00016473800000000002 
1457 6.58952e-5 
1458 6.58952e-5 
1459 6.58952e-5 
1460 9.88428e-5 
1461 6.58952e-5 
1462 0.00016473800000000002 
1463 0.00019768560000000003 
1464 0.00019768560000000003 
1465 6.58952e-5 
1466 0.00016473800000000002 
1467 0.00016473800000000002 
1468 0.00019768560000000003 
1469 0.00019768560000000003 
1470 0.00019768560000000003 
1471 0.00019768560000000003 
1472 0.00019768560000000003 
1473 0.00019768560000000003 
1474 0.00019768560000000003 
1475 0.00019768560000000003 
1476 0.00019768560000000003 
1477 9.88428e-5 
1478 9.88428e-5 
1479 9.88428e-5 
1480 9.88428e-5 
1481 9.88428e-5 
1482 9.88428e-5 
1483 9.88428e-5 
1484 9.88428e-5 
1485 6.58952e-5 
1486 6.58952e-5 
1487 6.58952e-5 
1488 0.00016473800000000002 
1489 0.00016473800000000002 
1490 0.0002635808 
1491 0.0002635808 
1492 0.0002635808 
1493 0.0002635808 
1494 0.0002635808 
1495 0.00042831880000000007 
1496 0.00042831880000000007 
1497 0.00042831880000000007 
1498 0.00036242360000000005 
1499 0.00036242360000000005 
1500 0.00036242360000000005 
1501 0.00036242360000000005 
1502 0.00036242360000000005 
1503 0.00036242360000000005 
1504 0.00036242360000000005 
1505 0.00019768560000000003 
1506 0.00019768560000000003 
1507 0.00019768560000000003 
1508 0.00019768560000000003 
1509 0.00036242360000000005 
1510 0.00036242360000000005 
1511 0.00036242360000000005 
1512 0.00036242360000000005 
1513 0.0004612664 
1514 0.00036242360000000005 
1515 0.0004612664 
1516 0.00042831880000000007 
1517 0.00042831880000000007 
1518 0.00042831880000000007 
1519 0.00042831880000000007 
1520 0.0002635808 
1521 0.0002635808 
1522 0.00019768560000000003 
1523 0.00019768560000000003 
1524 0.00019768560000000003 
1525 0.00019768560000000003 
1526 0.00019768560000000003 
1527 0.00019768560000000003 
1528 0.00019768560000000003 
1529 0.00019768560000000003 
1530 0.00019768560000000003 
1531 0.00036242360000000005 
1532 0.00036242360000000005 
1533 0.00032947600000000004 
1534 0.00036242360000000005 
1535 0.00032947600000000004 
1536 0.00042831880000000007 
1537 0.00042831880000000007 
1538 0.0006589520000000001 
1539 0.0006589520000000001 
1540 0.0005601092 
1541 0.0006589520000000001 
1542 0.0006589520000000001 
1543 0.0006589520000000001 
1544 0.0006589520000000001 
1545 0.0006589520000000001 
1546 0.00042831880000000007 
1547 0.00042831880000000007 
1548 0.00042831880000000007 
1549 0.00042831880000000007 
1550 0.00042831880000000007 
1551 0.00042831880000000007 
1552 0.00042831880000000007 
1553 0.00042831880000000007 
1554 0.00042831880000000007 
1555 0.00042831880000000007 
1556 0.00042831880000000007 
1557 0.00042831880000000007 
1558 0.0002635808 
1559 0.0002635808 
1560 0.00042831880000000007 
1561 0.00042831880000000007 
1562 0.00042831880000000007 
1563 0.00042831880000000007 
1564 0.0006260044 
1565 0.0004612664 
1566 0.0006918996 
1567 0.0007907424000000001 
1568 0.0009554804000000001 
1569 0.0007907424000000001 
1570 0.0009554804000000001 
1571 0.0009554804000000001 
1572 0.0009554804000000001 
1573 0.0009554804000000001 
1574 0.0009554804000000001 
1575 0.0011531660000000002 
1576 0.0011531660000000002 
1577 0.0011531660000000002 
1578 0.0011531660000000002 
1579 0.0011531660000000002 
1580 0.0011531660000000002 
1581 0.0011531660000000002 
1582 0.0011202184000000002 
1583 0.0009554804000000001 
1584 0.0009554804000000001 
1585 0.0006589520000000001 
1586 0.0006589520000000001 
1587 0.0006589520000000001 
1588 0.0006589520000000001 
1589 0.0006589520000000001 
1590 0.0006589520000000001 
1591 0.0006589520000000001 
1592 0.0005601092 
1593 0.0005601092 
1594 0.0005930568 
1595 0.0005930568 
1596 0.0005930568 
1597 0.0005601092 
1598 0.00032947600000000004 
1599 0.00036242360000000005 
1600 0.0005930568 
1601 0.00036242360000000005 
1602 0.00032947600000000004 
1603 0.00036242360000000005 
1604 0.00042831880000000007 
1605 0.00042831880000000007 
1606 0.0002635808 
1607 0.0002635808 
1608 0.0002635808 
1609 0.0002635808 
1610 0.00016473800000000002 
1611 0.00016473800000000002 
1612 6.58952e-5 
1613 6.58952e-5 
1614 6.58952e-5 
1615 0.00016473800000000002 
1616 0.00016473800000000002 
1617 0.00016473800000000002 
1618 0.00016473800000000002 
1619 0.00016473800000000002 
1620 6.58952e-5 
1621 6.58952e-5 
1622 6.58952e-5 
1623 6.58952e-5 
1624 6.58952e-5 
1625 3.29476e-5 
1626 3.29476e-5 
1627 3.29476e-5 
1628 3.29476e-5 
1629 6.58952e-5 
1630 6.58952e-5 
1631 6.58952e-5 
1632 6.58952e-5 
1633 3.29476e-5 
1634 0.0 
1635 3.29476e-5 
1636 3.29476e-5 
1637 3.29476e-5 
1638 3.29476e-5 
1639 6.58952e-5 
1640 6.58952e-5 
1641 6.58952e-5 
1642 6.58952e-5 
1643 6.58952e-5 
1644 6.58952e-5 
1645 3.29476e-5 
1646 6.58952e-5 
1647 6.58952e-5 
1648 6.58952e-5 
1649 6.58952e-5 
1650 0.00016473800000000002 
1651 0.0001976856 
1652 0.00016473800000000002 
1653 0.00016473800000000002 
1654 0.00016473800000000002 
1655 0.00016473800000000002 
1656 0.00016473800000000002 
1657 0.0001976856 
1658 0.0001317904 
1659 0.0001317904 
1660 3.29476e-5 
1661 3.29476e-5 
1662 3.29476e-5 
1663 3.29476e-5 
1664 3.29476e-5 
1665 3.29476e-5 
1666 3.29476e-5 
1667 3.29476e-5 
1668 3.29476e-5 
1669 3.29476e-5 
1670 3.29476e-5 
1671 3.29476e-5 
1672 0.0001317904 
1673 3.29476e-5 
1674 0.0001317904 
1675 0.0001317904 
1676 0.0001317904 
1677 0.00016473800000000002 
1678 0.0001317904 
1679 0.0001317904 
1680 3.29476e-5 
1681 3.29476e-5 
1682 3.29476e-5 
1683 6.58952e-5 
1684 6.58952e-5 
1685 3.29476e-5 
1686 3.29476e-5 
1687 6.58952e-5 
1688 6.58952e-5 
1689 6.58952e-5 
1690 6.58952e-5 
1691 6.58952e-5 
1692 9.88428e-5 
1693 0.00019768560000000003 
1694 0.00019768560000000003 
1695 0.00019768560000000003 
1696 6.58952e-5 
1697 0.0002635808 
1698 0.00029652840000000003 
1699 0.00029652840000000003 
1700 0.00029652840000000003 
1701 0.00029652840000000003 
1702 0.00019768560000000003 
1703 0.00019768560000000003 
1704 0.00019768560000000003 
1705 0.00019768560000000003 
1706 0.00016473800000000002 
1707 0.00016473800000000002 
1708 3.29476e-5 
1709 3.29476e-5 
1710 0.0001317904 
1711 0.00016473800000000002 
1712 0.00016473800000000002 
1713 0.00016473800000000002 
1714 0.00016473800000000002 
1715 0.00019768560000000003 
1716 0.00019768560000000003 
1717 0.00036242360000000005 
1718 0.0004612664 
1719 0.0006589520000000001 
1720 0.0006918996 
1721 0.0005601092000000001 
1722 0.0007907424000000001 
1723 0.0012520088 
1724 0.0012520088000000003 
1725 0.0017791704000000002 
1726 0.0022074892 
1727 0.0019439084000000002 
1728 0.0022733844000000004 
1729 0.0016144324000000002 
1730 0.0011531660000000002 
1731 0.0015155896000000001 
1732 0.0011531660000000002 
1733 0.0006918996 
1734 0.0006589520000000001 
1735 0.00042831880000000007 
1736 0.00042831880000000007 
1737 0.00032947600000000004 
1738 0.00016473800000000002 
1739 0.00016473800000000002 
1740 0.00019768560000000003 
1741 9.88428e-5 
1742 6.58952e-5 
1743 0.00016473800000000002 
1744 0.00016473800000000002 
1745 0.00016473800000000002 
1746 0.00019768560000000003 
1747 0.00019768560000000003 
1748 0.00016473800000000002 
1749 0.00032947600000000004 
1750 0.00016473800000000002 
1751 0.00016473800000000002 
1752 0.00019768560000000003 
1753 0.00019768560000000003 
1754 0.00019768560000000003 
1755 0.00019768560000000003 
1756 6.58952e-5 
1757 6.58952e-5 
1758 6.58952e-5 
1759 6.58952e-5 
1760 3.29476e-5 
1761 6.58952e-5 
1762 6.58952e-5 
1763 9.88428e-5 
1764 9.88428e-5 
1765 6.58952e-5 
1766 6.58952e-5 
1767 0.00016473800000000002 
1768 0.00016473800000000002 
1769 0.00019768560000000003 
1770 0.00019768560000000003 
1771 0.00036242360000000005 
1772 0.00032947600000000004 
1773 0.00032947600000000004 
1774 0.00016473800000000002 
1775 0.00016473800000000002 
1776 0.00016473800000000002 
1777 0.00019768560000000003 
1778 0.00019768560000000003 
1779 0.00036242360000000005 
1780 0.00036242360000000005 
1781 0.00036242360000000005 
1782 0.0004612664000000001 
1783 0.00036242360000000005 
1784 0.00036242360000000005 
1785 0.00036242360000000005 
1786 0.00019768560000000003 
1787 0.00019768560000000003 
1788 0.00016473800000000002 
1789 0.00016473800000000002 
1790 0.00016473800000000002 
1791 0.00019768560000000003 
1792 9.88428e-5 
1793 9.88428e-5 
1794 9.88428e-5 
1795 9.88428e-5 
1796 0.00019768560000000003 
1797 0.00019768560000000003 
1798 0.00019768560000000003 
1799 0.00036242360000000005 
1800 0.00036242360000000005 
1801 0.00036242360000000005 
1802 0.0005930568 
1803 0.0005930568 
1804 0.0005601092 
1805 0.0005601092 
1806 0.0005930568 
1807 0.0005601092 
1808 0.00036242360000000005 
1809 0.00032947600000000004 
1810 0.00032947600000000004 
1811 0.00032947600000000004 
1812 0.00016473800000000002 
1813 0.00016473800000000002 
1814 0.00016473800000000002 
1815 3.29476e-5 
1816 3.29476e-5 
1817 3.29476e-5 
1818 3.29476e-5 
1819 0.0 
1820 0.0 
1821 0.0 
1822 0.0 
1823 6.58952e-5 
1824 9.88428e-5 
1825 9.88428e-5 
1826 9.88428e-5 
1827 9.88428e-5 
1828 0.00019768560000000003 
1829 0.00019768560000000003 
1830 0.00019768560000000003 
1831 0.00019768560000000003 
1832 0.00019768560000000003 
1833 0.00019768560000000003 
1834 0.00019768560000000003 
1835 0.00019768560000000003 
1836 0.00019768560000000003 
1837 0.00019768560000000003 
1838 0.00019768560000000003 
1839 0.00019768560000000003 
1840 0.0004612664000000001 
1841 0.00029652840000000003 
1842 0.0002635808 
1843 0.0002635808 
1844 0.00029652840000000003 
1845 0.00029652840000000003 
1846 0.00029652840000000003 
1847 0.00029652840000000003 
1848 0.00029652840000000003 
1849 0.00029652840000000003 
1850 0.00029652840000000003 
1851 0.00029652840000000003 
1852 0.00029652840000000003 
1853 0.00019768560000000003 
1854 0.00019768560000000003 
1855 0.00019768560000000003 
1856 0.00019768560000000003 
1857 9.88428e-5 
1858 0.00019768560000000003 
1859 0.00019768560000000003 
1860 9.88428e-5 
1861 9.88428e-5 
1862 9.88428e-5 
1863 9.88428e-5 
1864 9.88428e-5 
1865 9.88428e-5 
1866 9.88428e-5 
1867 9.88428e-5 
1868 9.88428e-5 
1869 9.88428e-5 
1870 9.88428e-5 
1871 9.88428e-5 
1872 9.88428e-5 
1873 9.88428e-5 
1874 9.88428e-5 
1875 6.58952e-5 
1876 6.58952e-5 
1877 6.58952e-5 
1878 0.00016473800000000002 
1879 0.00016473800000000002 
1880 0.0002635808 
1881 0.0002635808 
1882 0.0002635808 
1883 0.0002635808 
1884 0.00016473800000000002 
1885 6.58952e-5 
1886 6.58952e-5 
1887 6.58952e-5 
1888 6.58952e-5 
1889 6.58952e-5 
1890 6.58952e-5 
1891 9.88428e-5 
1892 6.58952e-5 
1893 6.58952e-5 
1894 3.29476e-5 
1895 3.29476e-5 
1896 0.0 
1897 0.0 
1898 0.0 
1899 0.0 
1900 0.0 
1901 6.58952e-5 
1902 9.88428e-5 
1903 6.58952e-5 
1904 9.88428e-5 
1905 0.00019768560000000003 
1906 0.00019768560000000003 
1907 0.00019768560000000003 
1908 0.00019768560000000003 
1909 9.88428e-5 
1910 9.88428e-5 
1911 3.29476e-5 
1912 3.29476e-5 
1913 3.29476e-5 
1914 3.29476e-5 
1915 3.29476e-5 
1916 3.29476e-5 
1917 3.29476e-5 
1918 3.29476e-5 
1919 0.0001317904 
1920 3.29476e-5 
1921 3.29476e-5 
1922 0.0001317904 
1923 0.0001317904 
1924 0.0001317904 
1925 0.0001317904 
1926 0.0001317904 
1927 0.0001317904 
1928 0.00016473800000000002 
1929 0.0001317904 
1930 0.0001317904 
1931 0.00016473800000000002 
1932 0.0001317904 
1933 0.00029652840000000003 
1934 0.00032947600000000004 
1935 0.00032947600000000004 
1936 0.00032947600000000004 
1937 0.00032947600000000004 
1938 0.00036242360000000005 
1939 0.00036242360000000005 
1940 0.00036242360000000005 
1941 0.00036242360000000005 
1942 0.00036242360000000005 
1943 0.00036242360000000005 
1944 0.00036242360000000005 
1945 0.00036242360000000005 
1946 0.00036242360000000005 
1947 0.00016473800000000002 
1948 0.00016473800000000002 
1949 0.00016473800000000002 
1950 0.00032947600000000004 
1951 0.00019768560000000003 
1952 0.00019768560000000003 
1953 0.00019768560000000003 
1954 0.00019768560000000003 
1955 0.00019768560000000003 
1956 0.00019768560000000003 
1957 0.00019768560000000003 
1958 9.88428e-5 
1959 9.88428e-5 
1960 9.88428e-5 
1961 9.88428e-5 
1962 9.88428e-5 
1963 9.88428e-5 
1964 9.88428e-5 
1965 9.88428e-5 
1966 9.88428e-5 
1967 9.88428e-5 
1968 9.88428e-5 
1969 6.58952e-5 
1970 6.58952e-5 
1971 6.58952e-5 
1972 6.58952e-5 
1973 6.58952e-5 
1974 6.58952e-5 
1975 6.58952e-5 
1976 9.88428e-5 
1977 9.88428e-5 
1978 9.88428e-5 
1979 9.88428e-5 
1980 9.88428e-5 
1981 9.88428e-5 
1982 0.00019768560000000003 
1983 0.00029652840000000003 
1984 0.00019768560000000003 
1985 0.00029652840000000003 
1986 0.00029652840000000003 
1987 0.00029652840000000003 
1988 0.00029652840000000003 
1989 0.00029652840000000003 
1990 0.00019768560000000003 
1991 9.88428e-5 
1992 9.88428e-5 
1993 9.88428e-5 
1994 0.00016473800000000002 
1995 0.00019768560000000003 
1996 0.00019768560000000003 
1997 0.00016473800000000002 
1998 0.00016473800000000002 
1999 0.00019768560000000003 
2000 0.00019768560000000003 
2001 0.00016473800000000002 
2002 0.00032947600000000004 
2003 0.00019768560000000003 
2004 0.00016473800000000002 
2005 0.00032947600000000004 
2006 0.00029652840000000003 
2007 0.00032947600000000004 
2008 0.00032947600000000004 
2009 0.00029652840000000003 
2010 0.00029652840000000003 
2011 0.0001317904 
2012 0.0001317904 
2013 0.0001317904 
2014 0.0001317904 
2015 0.0001317904 
2016 0.0001317904 
2017 0.00016473800000000002 
2018 0.0001317904 
2019 3.29476e-5 
2020 6.58952e-5 
2021 6.58952e-5 
2022 3.29476e-5 
2023 3.29476e-5 
2024 3.29476e-5 
2025 6.58952e-5 
2026 0.0 
2027 3.29476e-5 
2028 3.29476e-5 
2029 0.0 
2030 0.0 
2031 6.58952e-5 
2032 6.58952e-5 
2033 3.29476e-5 
2034 6.58952e-5 
2035 9.88428e-5 
2036 9.88428e-5 
2037 6.58952e-5 
2038 3.29476e-5 
2039 3.29476e-5 
2040 3.29476e-5 
2041 3.29476e-5 
2042 3.29476e-5 
2043 3.29476e-5 
2044 3.29476e-5 
2045 3.29476e-5 
2046 3.29476e-5 
2047 3.29476e-5 
2048 3.29476e-5 
2049 3.29476e-5 
2050 3.29476e-5 
2051 0.0001317904 
2052 0.0001317904 
2053 0.0001317904 
2054 0.00016473800000000002 
2055 0.0001317904 
2056 0.0001317904 
2057 0.00016473800000000002 
2058 0.00016473800000000002 
2059 0.0001317904 
2060 0.00016473800000000002 
2061 0.00016473800000000002 
2062 0.00016473800000000002 
2063 0.00016473800000000002 
2064 0.00019768560000000003 
2065 0.00019768560000000003 
2066 0.00019768560000000003 
2067 0.00019768560000000003 
2068 0.00019768560000000003 
2069 0.00019768560000000003 
2070 0.00019768560000000003 
2071 0.00016473800000000002 
2072 0.00016473800000000002 
2073 0.00032947600000000004 
2074 0.00016473800000000002 
2075 0.0002635808 
2076 0.0002635808 
2077 0.0002635808 
2078 0.0002635808 
2079 0.0002635808 
2080 0.00016473800000000002 
2081 0.00016473800000000002 
2082 0.00036242360000000005 
2083 0.00019768560000000003 
2084 0.00029652840000000003 
2085 0.00029652840000000003 
2086 0.00019768560000000003 
2087 0.00029652840000000003 
2088 0.00019768560000000003 
2089 0.00019768560000000003 
2090 0.00019768560000000003 
2091 0.00019768560000000003 
2092 0.00019768560000000003 
2093 0.00019768560000000003 
2094 0.00019768560000000003 
2095 0.00019768560000000003 
2096 0.00019768560000000003 
2097 0.00019768560000000003 
2098 0.00019768560000000003 
2099 0.00019768560000000003 
2100 9.88428e-5 
2101 9.88428e-5 
2102 9.88428e-5 
2103 9.88428e-5 
2104 9.88428e-5 
2105 9.88428e-5 
2106 9.88428e-5 
2107 9.88428e-5 
2108 9.88428e-5 
2109 9.88428e-5 
2110 9.88428e-5 
2111 9.88428e-5 
2112 6.58952e-5 
2113 9.88428e-5 
2114 6.58952e-5 
2115 6.58952e-5 
2116 6.58952e-5 
2117 6.58952e-5 
2118 6.58952e-5 
2119 6.58952e-5 
2120 6.58952e-5 
2121 6.58952e-5 
2122 9.88428e-5 
2123 9.88428e-5 
2124 6.58952e-5 
2125 9.88428e-5 
2126 9.88428e-5 
2127 9.88428e-5 
2128 9.88428e-5 
2129 9.88428e-5 
2130 9.88428e-5 
2131 0.00019768560000000003 
2132 0.00019768560000000003 
2133 0.00019768560000000003 
2134 0.00019768560000000003 
2135 0.0001317904 
2136 3.29476e-5 
2137 6.58952e-5 
2138 3.29476e-5 
2139 3.29476e-5 
2140 3.29476e-5 
2141 0.0001317904 
2142 0.0001317904 
2143 0.0001317904 
2144 0.00016473800000000002 
2145 6.58952e-5 
2146 6.58952e-5 
2147 3.29476e-5 
2148 6.58952e-5 
2149 3.29476e-5 
2150 9.88428e-5 
2151 3.29476e-5 
2152 6.58952e-5 
2153 9.88428e-5 
2154 9.88428e-5 
2155 3.29476e-5 
2156 0.0 
2157 0.0 
2158 0.0 
2159 3.29476e-5 
2160 3.29476e-5 
2161 3.29476e-5 
2162 0.0001317904 
2163 0.00016473800000000002 
2164 0.00016473800000000002 
2165 0.00019768560000000003 
2166 0.00019768560000000003 
2167 0.00036242360000000005 
2168 0.00036242360000000005 
2169 0.0005930568 
2170 0.0005930568 
2171 0.0005930568 
2172 0.0005601092 
2173 0.0008566376 
2174 0.0008236900000000001 
2175 0.0008236900000000001 
2176 0.0008236900000000001 
2177 0.0011861136000000001 
2178 0.0011861136000000001 
2179 0.0011861136000000001 
2180 0.0011861136000000001 
2181 0.0012190612 
2182 0.0012190612 
2183 0.0008566376 
2184 0.0008566376 
2185 0.0005601092 
2186 0.0005601092 
2187 0.0005601092 
2188 0.0005271616 
2189 0.0005271616 
2190 0.0005601092 
2191 0.0005601092 
2192 0.0005601092 
2193 0.0005930568 
2194 0.000988428 
2195 0.0008895852 
2196 0.0008566376 
2197 0.0008566376 
2198 0.0005601092 
2199 0.0005271616 
2200 0.0005271616 
2201 0.00029652840000000003 
2202 0.00029652840000000003 
2203 0.00029652840000000003 
2204 0.00029652840000000003 
2205 0.00032947600000000004 
2206 0.00032947600000000004 
2207 0.0005601092 
2208 0.0005271616 
2209 0.0008236900000000001 
2210 0.0008236900000000001 
2211 0.0008236900000000001 
2212 0.0008566376 
2213 0.0008566376 
2214 0.0008566376 
2215 0.0008566376 
2216 0.0008566376 
2217 0.0008566376 
2218 0.0008566376 
2219 0.0012190612 
2220 0.0012190612 
2221 0.0011861136000000001 
2222 0.0011861136000000001 
2223 0.0011861136000000001 
2224 0.0008236900000000001 
2225 0.0008566376 
2226 0.0008566376 
2227 0.0008566376 
2228 0.0008566376 
2229 0.0012190612 
2230 0.0012190612 
2231 0.0012190612 
2232 0.0008236900000000001 
2233 0.0008236900000000001 
2234 0.0012190612 
2235 0.0008566376 
2236 0.0012190612 
2237 0.0012190612 
2238 0.0012190612 
2239 0.0012190612 
2240 0.0012190612 
2241 0.0016473800000000002 
2242 0.0012190612 
2243 0.0008895852000000001 
2244 0.0005601092000000001 
2245 0.0005601092000000001 
2246 0.0005601092000000001 
2247 0.0005601092000000001 
2248 0.00036242360000000005 
2249 0.0001976856 
2250 0.00036242360000000005 
2251 0.0001976856 
2252 0.0001976856 
2253 0.0001976856 
2254 0.0001976856 
2255 0.00016473800000000002 
2256 0.00016473800000000002 
2257 0.00016473800000000002 
2258 0.00016473800000000002 
2259 0.0001317904 
2260 0.0001317904 
2261 0.0001317904 
2262 3.29476e-5 
2263 3.29476e-5 
2264 3.29476e-5 
2265 6.58952e-5 
2266 6.58952e-5 
2267 6.58952e-5 
2268 6.58952e-5 
2269 0.0002635808 
2270 0.00029652840000000003 
2271 0.00029652840000000003 
2272 0.00029652840000000003 
2273 0.00029652840000000003 
2274 0.0001976856 
2275 0.0001976856 
2276 0.00029652840000000003 
2277 0.0003953712 
2278 0.0005601092000000001 
2279 0.0007248472000000001 
2280 0.0005601092000000001 
2281 0.0007248472000000001 
2282 0.0007248472000000001 
2283 0.0009554804000000001 
2284 0.0011861136000000001 
2285 0.0013508516000000001 
2286 0.0013508516000000001 
2287 0.0013508516000000001 
2288 0.0013508516000000001 
2289 0.0013508516000000001 
2290 0.0011202184000000002 
2291 0.0015814848 
2292 0.0013508516000000001 
2293 0.0013508516000000001 
2294 0.0008895852000000001 
2295 0.0008895852000000001 
2296 0.0008895852000000001 
2297 0.0008895852000000001 
2298 0.0008895852000000001 
2299 0.0007248472000000001 
2300 0.0007248472000000001 
2301 0.0005601092000000001 
2302 0.0004612664 
2303 0.0004612664 
2304 0.0004612664 
2305 0.00029652840000000003 
2306 0.00029652840000000003 
2307 0.00029652840000000003 
2308 0.0005601092000000001 
2309 0.0005601092000000001 
2310 0.0005601092000000001 
2311 0.0006260044 
2312 0.0008566376000000001 
2313 0.0008566376000000001 
2314 0.0008566376000000001 
2315 0.0008566376000000001 
2316 0.0009554804000000001 
2317 0.0007248472000000001 
2318 0.0007248472000000001 
2319 0.0005601092000000001 
2320 0.0005601092000000001 
2321 0.0007248472000000001 
2322 0.0007248472000000001 
2323 0.0004612664 
2324 0.0004612664 
2325 0.0009554804000000001 
2326 0.0007248472000000001 
2327 0.0007248472000000001 
2328 0.0007248472000000001 
2329 0.0009554804000000001 
2330 0.0004612664 
2331 0.0004612664 
2332 0.0007248472000000001 
2333 0.0005601092000000001 
2334 0.0005601092000000001 
2335 0.0005601092000000001 
2336 0.0005601092000000001 
2337 0.0004612664 
2338 0.0006260044 
2339 0.0008566376000000001 
2340 0.0006260044 
2341 0.0004612664 
2342 0.0004612664 
2343 0.0005601092000000001 
2344 0.0005601092000000001 
2345 0.0005601092000000001 
2346 0.0004612664 
2347 0.0007248472000000001 
2348 0.0007248472000000001 
2349 0.0007248472000000001 
2350 0.0007248472000000001 
2351 0.0007248472000000001 
2352 0.0008895852000000001 
2353 0.0011202184000000002 
2354 0.0008895852000000001 
2355 0.0008895852000000001 
2356 0.0008895852000000001 
2357 0.0009554804000000001 
2358 0.0011861136000000001 
2359 0.0011861136000000001 
2360 0.0011861136000000001 
2361 0.0011861136000000001 
2362 0.0011861136000000001 
2363 0.0011861136000000001 
2364 0.0013508516000000001 
2365 0.0016473800000000004 
2366 0.0013508516000000001 
2367 0.0013508516000000001 
2368 0.0011861136000000001 
2369 0.0013508516000000001 
2370 0.0011861136000000001 
2371 0.0011861136000000001 
2372 0.0011861136000000001 
2373 0.0009554804000000001 
2374 0.0007248472000000001 
2375 0.0005601092000000001 
2376 0.0007248472000000001 
2377 0.0005601092000000001 
2378 0.0005601092000000001 
2379 0.0007248472000000001 
2380 0.0007248472000000001 
2381 0.0004612664 
2382 0.0006260044 
2383 0.00029652840000000003 
2384 0.00029652840000000003 
2385 0.0005601092000000001 
2386 0.0004612664 
2387 0.0004612664 
2388 0.0004612664 
2389 0.0004612664 
2390 0.00042831880000000007 
2391 0.00042831880000000007 
2392 0.00042831880000000007 
2393 0.00042831880000000007 
2394 0.00042831880000000007 
2395 0.00042831880000000007 
2396 0.00042831880000000007 
2397 0.00042831880000000007 
2398 0.00042831880000000007 
2399 0.00042831880000000007 
2400 0.0004612664 
2401 0.0006260044 
2402 0.0008566376000000001 
2403 0.0008566376000000001 
2404 0.0008566376000000001 
2405 0.0004612664 
2406 0.0004612664 
2407 0.0004612664 
2408 0.0004612664 
2409 0.00029652840000000003 
2410 0.00029652840000000003 
2411 0.00029652840000000003 
2412 0.00029652840000000003 
2413 0.0002635808 
2414 0.0002635808 
2415 0.0002635808 
2416 0.00029652840000000003 
2417 0.00029652840000000003 
2418 0.00029652840000000003 
2419 0.0001976856 
2420 0.0001976856 
2421 0.00036242360000000005 
2422 0.0004612664 
2423 0.0004612664 
2424 0.00042831880000000007 
2425 0.00042831880000000007 
2426 0.00042831880000000007 
2427 0.0008236900000000001 
2428 0.0008566376000000001 
2429 0.0008566376000000001 
2430 0.0008566376000000001 
2431 0.0006260044 
2432 0.0004612664 
2433 0.0004612664 
2434 0.0004612664 
2435 0.0004612664 
2436 0.00036242360000000005 
2437 0.00036242360000000005 
2438 0.0001976856 
2439 0.0001976856 
2440 0.0001976856 
2441 0.0001976856 
2442 0.0001976856 
2443 0.0001976856 
2444 0.0001976856 
2445 0.00029652840000000003 
2446 0.00029652840000000003 
2447 0.00029652840000000003 
2448 0.00029652840000000003 
2449 0.0004612664 
2450 0.0004612664 
2451 0.0004612664 
2452 0.0004612664 
2453 0.0005601092000000001 
2454 0.0007248472000000001 
2455 0.0007248472000000001 
2456 0.0005601092000000001 
2457 0.0007248472000000001 
2458 0.0007248472000000001 
2459 0.0009554804000000001 
2460 0.0011861136000000001 
2461 0.0011861136000000001 
2462 0.0013508516000000001 
2463 0.0016473800000000004 
2464 0.0019439084000000004 
2465 0.0017791704000000002 
2466 0.0017791704000000002 
2467 0.0017791704000000002 
2468 0.0014826420000000002 
2469 0.0011861136000000001 
2470 0.0017791704000000002 
2471 0.0016803276000000001 
2472 0.0013837992 
2473 0.0010872708 
2474 0.0010872708 
2475 0.0010872708 
2476 0.0010872708 
2477 0.0011861136000000001 
2478 0.0009554804000000001 
2479 0.0009554804000000001 
2480 0.0007248472000000001 
2481 0.0005601092000000001 
2482 0.0005601092000000001 
2483 0.0005601092000000001 
2484 0.0005601092000000001 
2485 0.00029652840000000003 
2486 0.00029652840000000003 
2487 0.00029652840000000003 
2488 0.0002635808 
2489 0.00016473800000000002 
2490 6.58952e-5 
2491 0.00016473800000000002 
2492 0.00016473800000000002 
2493 0.00016473800000000002 
2494 0.0001317904 
2495 0.00016473800000000002 
2496 0.00016473800000000002 
2497 0.00016473800000000002 
2498 0.00016473800000000002 
2499 0.00016473800000000002 
2500 0.00016473800000000002 
2501 0.00016473800000000002 
2502 0.00016473800000000002 
2503 0.00016473800000000002 
2504 0.0001976856 
2505 0.00016473800000000002 
2506 0.0001976856 
2507 6.58952e-5 
2508 6.58952e-5 
2509 0.0001976856 
2510 6.58952e-5 
2511 6.58952e-5 
2512 6.58952e-5 
2513 6.58952e-5 
2514 6.58952e-5 
2515 6.58952e-5 
2516 6.58952e-5 
2517 6.58952e-5 
2518 6.58952e-5 
2519 6.58952e-5 
2520 6.58952e-5 
2521 3.29476e-5 
2522 3.29476e-5 
2523 3.29476e-5 
2524 6.58952e-5 
2525 6.58952e-5 
2526 6.58952e-5 
2527 6.58952e-5 
2528 6.58952e-5 
2529 6.58952e-5 
2530 6.58952e-5 
2531 6.58952e-5 
2532 6.58952e-5 
2533 9.88428e-5 
2534 9.88428e-5 
2535 9.88428e-5 
2536 0.00029652840000000003 
2537 0.00019768560000000003 
2538 0.00029652840000000003 
2539 0.00029652840000000003 
2540 0.00029652840000000003 
2541 0.00019768560000000003 
2542 0.00019768560000000003 
2543 0.00019768560000000003 
2544 9.88428e-5 
2545 9.88428e-5 
2546 9.88428e-5 
2547 9.88428e-5 
2548 9.88428e-5 
2549 9.88428e-5 
2550 9.88428e-5 
2551 9.88428e-5 
2552 9.88428e-5 
2553 9.88428e-5 
2554 0.00019768560000000003 
2555 0.00019768560000000003 
2556 0.00019768560000000003 
2557 0.00016473800000000002 
2558 0.00019768560000000003 
2559 0.00036242360000000005 
2560 0.00016473800000000002 
2561 0.0001317904 
2562 0.00029652840000000003 
2563 0.00029652840000000003 
2564 0.0001317904 
2565 0.00032947600000000004 
2566 0.00032947600000000004 
2567 0.00032947600000000004 
2568 0.00016473800000000002 
2569 0.00016473800000000002 
2570 0.0001317904 
2571 3.29476e-5 
2572 6.58952e-5 
2573 3.29476e-5 
2574 6.58952e-5 
2575 3.29476e-5 
2576 6.58952e-5 
2577 9.88428e-5 
2578 9.88428e-5 
2579 9.88428e-5 
2580 0.00019768560000000003 
2581 0.00019768560000000003 
2582 0.00036242360000000005 
2583 0.00036242360000000005 
2584 0.00036242360000000005 
2585 0.00036242360000000005 
2586 0.00036242360000000005 
2587 0.00036242360000000005 
2588 0.0005930568 
2589 0.0005930568 
2590 0.00036242360000000005 
2591 0.0005930568 
2592 0.00036242360000000005 
2593 0.00036242360000000005 
2594 0.00036242360000000005 
2595 0.00036242360000000005 
2596 0.00036242360000000005 
2597 0.00019768560000000003 
2598 0.00019768560000000003 
2599 0.00019768560000000003 
2600 0.00036242360000000005 
2601 0.00036242360000000005 
2602 0.00019768560000000003 
2603 0.00019768560000000003 
2604 0.00029652840000000003 
2605 0.00019768560000000003 
2606 9.88428e-5 
2607 9.88428e-5 
2608 6.58952e-5 
2609 3.29476e-5 
2610 6.58952e-5 
2611 6.58952e-5 
2612 6.58952e-5 
2613 0.00016473800000000002 
2614 0.0001317904 
2615 0.0001317904 
2616 0.00029652840000000003 
2617 0.00029652840000000003 
2618 0.0005271616 
2619 0.0005271616 
2620 0.0005271616 
2621 0.0005271616 
2622 0.0005271616 
2623 0.0005271616 
2624 0.0005271616 
2625 0.0005271616 
2626 0.0005271616 
2627 0.0005271616 
2628 0.00029652840000000003 
2629 0.0005271616 
2630 0.0005271616 
2631 0.0005271616 
2632 0.0005601092 
2633 0.0008566376 
2634 0.0005601092 
2635 0.0005601092 
2636 0.0005930568 
2637 0.0006918996 
2638 0.00032947600000000004 
2639 0.00032947600000000004 
2640 0.00032947600000000004 
2641 0.00029652840000000003 
2642 0.00029652840000000003 
2643 0.00029652840000000003 
2644 0.00032947600000000004 
2645 0.00029652840000000003 
2646 0.00016473800000000002 
2647 0.00016473800000000002 
2648 0.00032947600000000004 
2649 0.00032947600000000004 
2650 0.00032947600000000004 
2651 0.00032947600000000004 
2652 0.0005601092 
2653 0.0005601092 
2654 0.0005601092 
2655 0.0005271616 
2656 0.0005601092 
2657 0.0005601092 
2658 0.0005271616 
2659 0.0005271616 
2660 0.0005271616 
2661 0.0008236900000000001 
2662 0.0008236900000000001 
2663 0.0005271616 
2664 0.0005271616 
2665 0.0005601092 
2666 0.00032947600000000004 
2667 0.00032947600000000004 
2668 0.00036242360000000005 
2669 0.00036242360000000005 
2670 0.0006918996 
2671 0.0008566376 
2672 0.0005930568000000001 
2673 0.0011202184000000002 
2674 0.0008566376 
2675 0.0013508516000000001 
2676 0.0006589520000000001 
2677 0.0005930568000000001 
2678 0.00042831880000000007 
2679 0.00032947600000000004 
2680 0.00016473800000000002 
2681 0.0002635808 
2682 0.0002635808 
2683 0.00042831880000000007 
2684 0.0005601092 
2685 0.0008236900000000001 
2686 0.0016144324000000002 
2687 0.0017462228000000002 
2688 0.0016473800000000002 
2689 0.0021086464 
2690 0.0027017032 
2691 0.0033277076000000003 
2692 0.0040525548 
2693 0.003459498 
2694 0.002965284 
2695 0.0017462228000000002 
2696 0.0019109608000000002 
2697 0.0017462228000000002 
2698 0.0016473800000000002 
2699 0.0016144324000000002 
2700 0.0026687556 
2701 0.0033606552000000002 
2702 0.0034265504 
2703 0.002965284 
2704 0.0031959172 
2705 0.0029323364000000004 
2706 0.0017462228000000002 
2707 0.0010872708 
2708 0.0008566376 
2709 0.0006918996 
2710 0.0005930568 
2711 0.0005930568 
2712 0.0005601092 
2713 0.0005271616 
2714 0.0008236900000000001 
2715 0.0008236900000000001 
2716 0.0008236900000000001 
2717 0.0008236900000000001 
2718 0.0005271616 
2719 0.0005271616 
2720 0.0005271616 
2721 0.0005271616 
2722 0.0005271616 
2723 0.0005271616 
2724 0.0005271616 
2725 0.00029652840000000003 
2726 0.00029652840000000003 
2727 0.00032947600000000004 
2728 0.00032947600000000004 
2729 0.00016473800000000002 
2730 0.00016473800000000002 
2731 0.00016473800000000002 
2732 6.58952e-5 
2733 6.58952e-5 
2734 6.58952e-5 
2735 6.58952e-5 
2736 3.29476e-5 
2737 3.29476e-5 
2738 6.58952e-5 
2739 3.29476e-5 
2740 9.88428e-5 
2741 9.88428e-5 
2742 0.00019768560000000003 
2743 0.00019768560000000003 
2744 0.00019768560000000003 
2745 0.00019768560000000003 
2746 0.00019768560000000003 
2747 0.00019768560000000003 
2748 0.00019768560000000003 
2749 0.00019768560000000003 
2750 0.00016473800000000002 
2751 0.00016473800000000002 
2752 0.0002635808 
2753 0.0002635808 
2754 0.00029652840000000003 
2755 0.00019768560000000003 
2756 0.00019768560000000003 
2757 0.00019768560000000003 
2758 0.00019768560000000003 
2759 9.88428e-5 
2760 9.88428e-5 
2761 9.88428e-5 
2762 9.88428e-5 
2763 0.00019768560000000003 
2764 0.00019768560000000003 
2765 0.00019768560000000003 
2766 0.00019768560000000003 
2767 0.00016473800000000002 
2768 0.00016473800000000002 
2769 0.00016473800000000002 
2770 0.00016473800000000002 
2771 0.0001317904 
2772 0.0001317904 
2773 0.0001317904 
2774 0.00016473800000000002 
2775 0.00016473800000000002 
2776 6.58952e-5 
2777 6.58952e-5 
2778 6.58952e-5 
2779 3.29476e-5 
2780 3.29476e-5 
2781 3.29476e-5 
2782 0.0001317904 
2783 0.00019768560000000003 
2784 0.00019768560000000003 
2785 0.00019768560000000003 
2786 0.00019768560000000003 
2787 0.00019768560000000003 
2788 9.88428e-5 
2789 0.00019768560000000003 
2790 0.00016473800000000002 
2791 0.00016473800000000002 
2792 6.58952e-5 
2793 3.29476e-5 
2794 6.58952e-5 
2795 9.88428e-5 
2796 6.58952e-5 
2797 6.58952e-5 
2798 3.29476e-5 
2799 3.29476e-5 
2800 0.0001317904 
2801 0.00016473800000000002 
2802 0.00016473800000000002 
2803 0.00016473800000000002 
2804 0.00019768560000000003 
2805 9.88428e-5 
2806 0.00029652840000000003 
2807 0.0001976856 
2808 9.88428e-5 
2809 9.88428e-5 
2810 9.88428e-5 
2811 6.58952e-5 
2812 6.58952e-5 
2813 6.58952e-5 
2814 6.58952e-5 
2815 6.58952e-5 
2816 6.58952e-5 
2817 6.58952e-5 
2818 9.88428e-5 
2819 9.88428e-5 
2820 9.88428e-5 
2821 9.88428e-5 
2822 9.88428e-5 
2823 9.88428e-5 
2824 6.58952e-5 
2825 6.58952e-5 
2826 6.58952e-5 
2827 6.58952e-5 
2828 6.58952e-5 
2829 6.58952e-5 
2830 0.00016473800000000002 
2831 0.00016473800000000002 
2832 0.0002635808 
2833 0.00016473800000000002 
2834 0.00016473800000000002 
2835 0.0001976856 
2836 0.00016473800000000002 
2837 0.00016473800000000002 
2838 0.00016473800000000002 
2839 0.00016473800000000002 
2840 9.88428e-5 
2841 9.88428e-5 
2842 9.88428e-5 
2843 6.58952e-5 
2844 9.88428e-5 
2845 0.0001976856 
2846 0.0001976856 
2847 0.00016473800000000002 
2848 0.00016473800000000002 
2849 6.58952e-5 
2850 9.88428e-5 
2851 6.58952e-5 
2852 9.88428e-5 
2853 9.88428e-5 
2854 9.88428e-5 
2855 6.58952e-5 
2856 0.00016473800000000002 
2857 0.00016473800000000002 
2858 0.00016473800000000002 
2859 0.0002635808 
2860 0.0002635808 
2861 0.0002635808 
2862 0.0002635808 
2863 0.00016473800000000002 
2864 0.00016473800000000002 
2865 0.00016473800000000002 
2866 0.00016473800000000002 
2867 0.00016473800000000002 
2868 6.58952e-5 
2869 6.58952e-5 
2870 0.0001976856 
2871 0.00029652840000000003 
2872 0.00029652840000000003 
2873 0.00029652840000000003 
2874 0.00029652840000000003 
2875 0.00029652840000000003 
2876 0.00019768560000000003 
2877 0.00019768560000000003 
2878 0.00019768560000000003 
2879 9.88428e-5 
2880 6.58952e-5 
2881 6.58952e-5 
2882 6.58952e-5 
2883 0.00016473800000000002 
2884 0.0002635808 
2885 0.00029652840000000003 
2886 0.00029652840000000003 
2887 9.88428e-5 
2888 9.88428e-5 
2889 9.88428e-5 
2890 9.88428e-5 
2891 9.88428e-5 
2892 9.88428e-5 
2893 0.00019768560000000003 
2894 0.00019768560000000003 
2895 0.00019768560000000003 
2896 0.00019768560000000003 
2897 0.00019768560000000003 
2898 9.88428e-5 
2899 9.88428e-5 
2900 9.88428e-5 
2901 9.88428e-5 
2902 9.88428e-5 
2903 9.88428e-5 
2904 9.88428e-5 
2905 9.88428e-5 
2906 9.88428e-5 
2907 9.88428e-5 
2908 9.88428e-5 
2909 9.88428e-5 
2910 0.0001976856 
2911 0.00029652840000000003 
2912 0.00029652840000000003 
2913 0.00029652840000000003 
2914 0.0003953712 
2915 0.0003953712 
2916 0.0003953712 
2917 0.0005601092000000001 
2918 0.0005601092000000001 
2919 0.0005601092000000001 
2920 0.0007907424000000001 
2921 0.0007907424000000001 
2922 0.0009554804000000001 
2923 0.0009554804000000001 
2924 0.0011202184000000002 
2925 0.0011202184000000002 
2926 0.0014167468000000003 
2927 0.0012520088000000003 
2928 0.0007907424000000001 
2929 0.0007907424000000001 
2930 0.0006918996 
2931 0.0006918996 
2932 0.0009884280000000002 
2933 0.0008895852 
2934 0.0005930568 
2935 0.0005930568 
2936 0.0005601092 
2937 0.0005930568 
2938 0.00032947600000000004 
2939 0.00036242360000000005 
2940 0.00032947600000000004 
2941 0.00019768560000000003 
2942 0.00016473800000000002 
2943 3.29476e-5 
2944 3.29476e-5 
2945 3.29476e-5 
2946 3.29476e-5 
2947 0.0 
2948 0.0 
2949 0.0 
2950 0.0 
2951 0.0 
2952 3.29476e-5 
2953 3.29476e-5 
2954 3.29476e-5 
2955 3.29476e-5 
2956 3.29476e-5 
2957 3.29476e-5 
2958 6.58952e-5 
2959 3.29476e-5 
2960 3.29476e-5 
2961 3.29476e-5 
2962 3.29476e-5 
2963 3.29476e-5 
2964 6.58952e-5 
2965 3.29476e-5 
2966 3.29476e-5 
2967 3.29476e-5 
2968 6.58952e-5 
2969 3.29476e-5 
2970 3.29476e-5 
2971 0.00016473800000000002 
2972 0.00019768560000000003 
2973 0.0001317904 
2974 0.0001317904 
2975 3.29476e-5 
2976 3.29476e-5 
2977 3.29476e-5 
2978 3.29476e-5 
2979 3.29476e-5 
2980 3.29476e-5 
2981 3.29476e-5 
2982 3.29476e-5 
2983 3.29476e-5 
2984 3.29476e-5 
2985 3.29476e-5 
2986 0.0 
2987 0.0 
2988 0.0 
2989 0.0 
2990 0.0 
2991 0.0 
2992 0.0 
2993 0.0 
2994 3.29476e-5 
2995 3.29476e-5 
2996 3.29476e-5 
2997 3.29476e-5 
2998 3.29476e-5 
2999 3.29476e-5 
3000 3.29476e-5 
3001 0.00016473800000000002 
3002 9.88428e-5 
3003 0.00019768560000000003 
3004 0.00019768560000000003 
3005 0.00019768560000000003 
3006 0.00036242360000000005 
3007 0.00036242360000000005 
3008 0.00036242360000000005 
3009 0.0006918996 
3010 0.0005930568 
3011 0.0005930568 
3012 0.0005930568 
3013 0.0005601092 
3014 0.0005601092 
3015 0.0005601092 
3016 0.0005271616 
3017 0.0005601092 
3018 0.0005601092 
3019 0.0005601092 
3020 0.00032947600000000004 
3021 0.00032947600000000004 
3022 0.00032947600000000004 
3023 0.00036242360000000005 
3024 0.00036242360000000005 
3025 0.0004612664 
3026 0.0004612664 
3027 0.0004612664 
3028 0.00029652840000000003 
3029 0.00019768560000000003 
3030 0.00019768560000000003 
3031 0.00019768560000000003 
3032 0.00032947600000000004 
3033 0.00032947600000000004 
3034 0.00029652840000000003 
3035 0.00016473800000000002 
3036 0.00016473800000000002 
3037 0.0001317904 
3038 0.0001317904 
3039 0.0001317904 
3040 0.0001317904 
3041 0.0001317904 
3042 3.29476e-5 
3043 3.29476e-5 
3044 3.29476e-5 
3045 3.29476e-5 
3046 3.29476e-5 
3047 0.0 
3048 3.29476e-5 
3049 0.0 
3050 3.29476e-5 
3051 6.58952e-5 
3052 6.58952e-5 
3053 9.88428e-5 
3054 9.88428e-5 
3055 9.88428e-5 
3056 9.88428e-5 
3057 9.88428e-5 
3058 9.88428e-5 
3059 6.58952e-5 
3060 6.58952e-5 
3061 6.58952e-5 
3062 6.58952e-5 
3063 3.29476e-5 
3064 3.29476e-5 
3065 6.58952e-5 
3066 3.29476e-5 
3067 3.29476e-5 
3068 3.29476e-5 
3069 3.29476e-5 
3070 3.29476e-5 
3071 0.0 
3072 3.29476e-5 
3073 3.29476e-5 
3074 0.0 
3075 0.0 
3076 0.0 
3077 3.29476e-5 
3078 3.29476e-5 
3079 3.29476e-5 
3080 3.29476e-5 
3081 9.88428e-5 
3082 9.88428e-5 
3083 9.88428e-5 
3084 0.00019768560000000003 
3085 9.88428e-5 
3086 9.88428e-5 
3087 0.00019768560000000003 
3088 0.00019768560000000003 
3089 0.00019768560000000003 
3090 0.00016473800000000002 
3091 0.00016473800000000002 
3092 0.00019768560000000003 
3093 0.00016473800000000002 
3094 0.00032947600000000004 
3095 0.00032947600000000004 
3096 0.00032947600000000004 
3097 0.00029652840000000003 
3098 0.00032947600000000004 
3099 0.00032947600000000004 
3100 0.00032947600000000004 
3101 0.00029652840000000003 
3102 0.00029652840000000003 
3103 0.0001317904 
3104 0.00016473800000000002 
3105 0.0001317904 
3106 0.0001317904 
3107 0.00016473800000000002 
3108 0.00016473800000000002 
3109 0.00016473800000000002 
3110 0.00032947600000000004 
3111 0.00032947600000000004 
3112 0.0005601092 
3113 0.0005601092 
3114 0.0005601092 
3115 0.0005271616 
3116 0.0005271616 
3117 0.0005271616 
3118 0.0005271616 
3119 0.0005271616 
3120 0.0005271616 
3121 0.00032947600000000004 
3122 0.0005601092 
3123 0.0005930568 
3124 0.00036242360000000005 
3125 0.00036242360000000005 
3126 0.0005930568 
3127 0.0005930568 
3128 0.0005930568 
3129 0.0005601092 
3130 0.0008566376 
3131 0.0008566376 
3132 0.0005601092 
3133 0.0008236900000000001 
3134 0.0008566376 
3135 0.0008566376 
3136 0.0008236900000000001 
3137 0.0008236900000000001 
3138 0.0008566376 
3139 0.0005601092 
3140 0.0005271616 
3141 0.0008236900000000001 
3142 0.0005601092 
3143 0.0005271616 
3144 0.0005271616 
3145 0.0005271616 
3146 0.0005271616 
3147 0.0005271616 
3148 0.0005271616 
3149 0.0005601092 
3150 0.00029652840000000003 
3151 0.00029652840000000003 
3152 0.00029652840000000003 
3153 0.00032947600000000004 
3154 0.00029652840000000003 
3155 0.00029652840000000003 
3156 0.00029652840000000003 
3157 0.00032947600000000004 
3158 0.0001317904 
3159 0.00019768560000000003 
3160 0.00019768560000000003 
3161 0.0001317904 
3162 9.88428e-5 
3163 9.88428e-5 
3164 3.29476e-5 
3165 3.29476e-5 
3166 6.58952e-5 
3167 6.58952e-5 
3168 3.29476e-5 
3169 3.29476e-5 
3170 3.29476e-5 
3171 3.29476e-5 
3172 3.29476e-5 
3173 3.29476e-5 
3174 3.29476e-5 
3175 3.29476e-5 
3176 3.29476e-5 
3177 3.29476e-5 
3178 6.58952e-5 
3179 3.29476e-5 
3180 3.29476e-5 
3181 9.88428e-5 
3182 6.58952e-5 
3183 9.88428e-5 
3184 9.88428e-5 
3185 9.88428e-5 
3186 9.88428e-5 
3187 9.88428e-5 
3188 9.88428e-5 
3189 9.88428e-5 
3190 9.88428e-5 
3191 9.88428e-5 
3192 9.88428e-5 
3193 9.88428e-5 
3194 9.88428e-5 
3195 9.88428e-5 
3196 9.88428e-5 
3197 9.88428e-5 
3198 9.88428e-5 
3199 9.88428e-5 
3200 9.88428e-5 
3201 9.88428e-5 
3202 9.88428e-5 
3203 9.88428e-5 
3204 9.88428e-5 
3205 9.88428e-5 
3206 9.88428e-5 
3207 9.88428e-5 
3208 9.88428e-5 
3209 9.88428e-5 
3210 9.88428e-5 
3211 9.88428e-5 
3212 9.88428e-5 
3213 9.88428e-5 
3214 9.88428e-5 
3215 9.88428e-5 
3216 9.88428e-5 
3217 9.88428e-5 
3218 9.88428e-5 
3219 9.88428e-5 
3220 6.58952e-5 
3221 9.88428e-5 
3222 9.88428e-5 
3223 6.58952e-5 
3224 6.58952e-5 
3225 9.88428e-5 
3226 9.88428e-5 
3227 3.29476e-5 
3228 6.58952e-5 
3229 6.58952e-5 
3230 6.58952e-5 
3231 3.29476e-5 
3232 6.58952e-5 
3233 6.58952e-5 
3234 3.29476e-5 
3235 0.0 
3236 6.58952e-5 
3237 9.88428e-5 
3238 3.29476e-5 
3239 3.29476e-5 
3240 9.88428e-5 
3241 3.29476e-5 
3242 3.29476e-5 
3243 3.29476e-5 
3244 0.00016473800000000002 
3245 0.0001317904 
3246 0.0001317904 
3247 0.00016473800000000002 
3248 0.0001317904 
3249 0.0001317904 
3250 0.0001317904 
3251 0.0001317904 
3252 0.00032947600000000004 
3253 0.00019768560000000003 
3254 0.00019768560000000003 
3255 0.00019768560000000003 
3256 0.00019768560000000003 
3257 0.00019768560000000003 
3258 0.00019768560000000003 
3259 0.00019768560000000003 
3260 0.00036242360000000005 
3261 0.00036242360000000005 
3262 0.00036242360000000005 
3263 0.00036242360000000005 
3264 0.00036242360000000005 
3265 0.00032947600000000004 
3266 0.00029652840000000003 
3267 0.00029652840000000003 
3268 0.00029652840000000003 
3269 0.0001317904 
3270 0.0001317904 
3271 0.0001317904 
3272 0.0001317904 
3273 3.29476e-5 
3274 3.29476e-5 
3275 3.29476e-5 
3276 0.0001317904 
3277 0.0001317904 
3278 0.0001317904 
3279 0.00029652840000000003 
3280 0.00032947600000000004 
3281 0.00032947600000000004 
3282 0.00036242360000000005 
3283 0.0005930568 
3284 0.0005930568 
3285 0.0005930568 
3286 0.0005930568 
3287 0.0009884280000000002 
3288 0.0009884280000000002 
3289 0.0010872708 
3290 0.0010872708 
3291 0.0010872708 
3292 0.0012520088000000003 
3293 0.0010872708 
3294 0.0012520088000000003 
3295 0.0007907424000000001 
3296 0.0010872708 
3297 0.0012520088000000003 
3298 0.0012520088000000003 
3299 0.0012520088000000003 
3300 0.0016144324000000002 
3301 0.0014167468000000003 
3302 0.0012520088000000003 
3303 0.0012520088000000003 
3304 0.0010872708 
3305 0.0007907424000000001 
3306 0.0007907424000000001 
3307 0.0006918996 
3308 0.0006918996 
3309 0.0006918996 
3310 0.0007907424000000001 
3311 0.0010872708 
3312 0.0010872708 
3313 0.0010872708 
3314 0.0014496944000000002 
3315 0.0016144324000000002 
3316 0.0016144324000000002 
3317 0.0014496944000000002 
3318 0.0014496944000000002 
3319 0.0010872708 
3320 0.0009884280000000002 
3321 0.0009884280000000002 
3322 0.0006918996 
3323 0.0006918996 
3324 0.0006918996 
3325 0.0005930568 
3326 0.0009884280000000002 
3327 0.0009884280000000002 
3328 0.0009884280000000002 
3329 0.0009884280000000002 
3330 0.0013508516000000001 
3331 0.0010872708 
3332 0.0009884280000000002 
3333 0.0009884280000000002 
3334 0.0009884280000000002 
3335 0.0009884280000000002 
3336 0.0010872708 
3337 0.0007907424000000001 
3338 0.0007907424000000001 
3339 0.0007907424000000001 
3340 0.0011202184000000002 
3341 0.0014167468000000003 
3342 0.0014167468000000003 
3343 0.0011202184000000002 
3344 0.0011202184000000002 
3345 0.0011202184000000002 
3346 0.0011202184000000002 
3347 0.0014167468000000003 
3348 0.0014167468000000003 
3349 0.0014167468000000003 
3350 0.0014167468000000003 
3351 0.0016144324000000002 
3352 0.0014496944000000002 
3353 0.0014496944000000002 
3354 0.0014496944000000002 
3355 0.0013508516000000001 
3356 0.0013508516000000001 
3357 0.0013508516000000001 
3358 0.0013508516000000001 
3359 0.0017791704000000002 
3360 0.0016803276000000001 
3361 0.0017791704000000002 
3362 0.0017791704000000002 
3363 0.0017791704000000002 
