1 0.004963247499999999 
2 0.0040693924999999995 
3 0.0032225824999999996 
4 0.002869745 
5 0.0020935025 
6 0.0019523674999999997 
7 0.0013172599999999998 
8 0.0017406649999999997 
9 0.0015289624999999998 
10 0.0012466925 
11 0.0008232875 
12 0.0008232875 
13 0.0005880624999999999 
14 0.0005880624999999999 
15 0.00047044999999999997 
16 0.0003057925 
17 0.00042340499999999996 
18 0.0002587475 
19 0.00047044999999999997 
20 0.00023522499999999998 
21 0.00023522499999999998 
22 0.00021170249999999998 
23 0.00023522499999999998 
24 0.00011761249999999999 
25 0.00018817999999999998 
26 0.00032931499999999995 
27 0.000611585 
28 0.0009879449999999998 
29 0.0011761249999999999 
30 0.0017171424999999998 
31 0.0011761249999999999 
32 0.0011996474999999998 
33 0.0015289624999999998 
34 0.002022935 
35 0.0026815649999999995 
36 0.0035048524999999994 
37 0.003951779999999999 
38 0.004633932499999999 
39 0.0051279049999999994 
40 0.005786534999999999 
41 0.006539254999999999 
42 0.007386064999999999 
43 0.008867982499999998 
44 0.008609235 
45 0.0083034425 
46 0.009456045 
47 0.008726847499999999 
48 0.008044695 
49 0.006915614999999998 
50 0.0051279049999999994 
51 0.004845634999999999 
52 0.004845634999999999 
53 0.0055042649999999995 
54 0.006115849999999999 
55 0.0055042649999999995 
56 0.005386652499999999 
57 0.0049162024999999995 
58 0.004375184999999999 
59 0.0040223475 
60 0.0027756549999999993 
61 0.0028462224999999996 
62 0.0021875924999999997 
63 0.002022935 
64 0.0023522499999999997 
65 0.0023287275 
66 0.002399295 
67 0.002869745 
68 0.0036459874999999996 
69 0.004351662499999999 
70 0.004657455 
71 0.0055042649999999995 
72 0.005857102499999999 
73 0.004657455 
74 0.005410175 
75 0.004398707499999999 
76 0.003998824999999999 
77 0.0033872399999999997 
78 0.0035048524999999994 
79 0.0034342849999999996 
80 0.0030579249999999995 
81 0.0035283749999999994 
82 0.0035283749999999994 
83 0.0040223475 
84 0.004351662499999999 
85 0.004351662499999999 
86 0.004375184999999999 
87 0.004092914999999999 
88 0.0035989424999999997 
89 0.0030814474999999995 
90 0.0030579249999999995 
91 0.0026580425 
92 0.0027521324999999998 
93 0.0027521324999999998 
94 0.0033872399999999997 
95 0.0036459874999999996 
96 0.0039047349999999995 
97 0.004351662499999999 
98 0.0036459874999999996 
99 0.0029403125 
100 0.00272861 
101 0.0025169075 
102 0.002399295 
103 0.0026815649999999995 
104 0.0026580425 
105 0.0030579249999999995 
106 0.0035283749999999994 
107 0.0038576899999999996 
108 0.004375184999999999 
109 0.005316084999999999 
110 0.0059747149999999985 
111 0.007056749999999999 
112 0.006539254999999999 
113 0.0055042649999999995 
114 0.0055748325 
115 0.005786534999999999 
116 0.006845047499999999 
117 0.006703912499999999 
118 0.007644812499999999 
119 0.008585712499999999 
120 0.0086798025 
121 0.009267864999999998 
122 0.009503089999999999 
123 0.007386064999999999 
124 0.007386064999999999 
125 0.009150252499999999 
126 0.0083034425 
127 0.006821524999999999 
128 0.006703912499999999 
129 0.005951192499999999 
130 0.004963247499999999 
131 0.0055748325 
132 0.004469274999999999 
133 0.0036224649999999996 
134 0.0035048524999999994 
135 0.0038812124999999995 
136 0.0038812124999999995 
137 0.0030579249999999995 
138 0.0035283749999999994 
139 0.0030814474999999995 
140 0.0023757724999999997 
141 0.002022935 
142 0.0019994124999999996 
143 0.0017171424999999998 
144 0.0020935025 
145 0.0022111149999999996 
146 0.002117025 
147 0.002117025 
148 0.001646575 
149 0.0019053224999999998 
150 0.0027521324999999998 
151 0.002869745 
152 0.003622464999999999 
153 0.004469275 
154 0.004633932499999999 
155 0.004845634999999999 
156 0.005786534999999999 
157 0.006045282499999999 
158 0.0068920925 
159 0.005904147499999999 
160 0.0055042649999999995 
161 0.0044457525 
162 0.004092914999999999 
163 0.003340195 
164 0.0029403125 
165 0.0024698624999999995 
166 0.0020935025 
167 0.0017171424999999998 
168 0.002022935 
169 0.0017406649999999997 
170 0.0017641874999999997 
171 0.0015289624999999998 
172 0.0015289624999999998 
173 0.0015289624999999998 
174 0.001458395 
175 0.0014348725 
176 0.0011761249999999999 
177 0.001458395 
178 0.0015289624999999998 
179 0.0019523674999999997 
180 0.0019053224999999998 
181 0.0024698624999999995 
182 0.0029638349999999997 
183 0.0038812124999999995 
184 0.0038812124999999995 
185 0.0044457525 
186 0.0047044999999999995 
187 0.0055042649999999995 
188 0.005010292499999999 
189 0.0047044999999999995 
190 0.003340195 
191 0.0030814474999999995 
192 0.0024698624999999995 
193 0.0020935025 
194 0.0015760074999999999 
195 0.0015760074999999999 
196 0.0011526025 
197 0.0011526025 
198 0.0011526025 
199 0.0009879449999999998 
200 0.0013172599999999998 
201 0.001458395 
202 0.0011761249999999999 
203 0.0016936199999999998 
204 0.001458395 
205 0.002022935 
206 0.001834755 
207 0.00244634 
208 0.00244634 
209 0.0027756549999999993 
210 0.0032225824999999996 
211 0.0035283749999999994 
212 0.0035048525 
213 0.003951779999999999 
214 0.0040693924999999995 
215 0.004633932499999999 
216 0.0052925624999999995 
217 0.005551309999999999 
218 0.006845047499999999 
219 0.008138784999999999 
220 0.008867982499999998 
221 0.009503089999999999 
222 0.009832404999999999 
223 0.010773304999999997 
224 0.011902384999999998 
225 0.014137022499999999 
226 0.014583949999999998 
227 0.014254634999999998 
228 0.011620114999999997 
229 0.0120670425 
230 0.010302854999999996 
231 0.0086798025 
232 0.008585712499999999 
233 0.009667747499999997 
234 0.008585712499999999 
235 0.007644812499999999 
236 0.006703912499999999 
237 0.005410175 
238 0.004845634999999999 
239 0.004187004999999999 
240 0.0036224649999999996 
241 0.0035048524999999994 
242 0.0026815649999999995 
243 0.0023522499999999997 
244 0.0017406649999999997 
245 0.0012466925 
246 0.0008232874999999999 
247 0.000611585 
248 0.00032931499999999995 
249 0.00042340499999999996 
250 0.00023522499999999998 
251 0.00042340499999999996 
252 0.00039988249999999996 
253 0.00047044999999999997 
254 0.0006821525 
255 0.00047044999999999997 
256 0.0007997649999999999 
257 0.0007056749999999999 
258 0.0007056749999999999 
259 0.0007056749999999999 
260 0.0010820349999999999 
261 0.0007056749999999999 
262 0.0004939724999999999 
263 0.0004939724999999999 
264 0.00042340499999999996 
265 0.00018817999999999998 
266 0.00032931499999999995 
267 0.00042340499999999996 
268 7.056749999999998e-5 
269 7.056749999999998e-5 
270 0.00014113499999999997 
271 0.00011761249999999999 
272 7.056749999999998e-5 
273 4.7044999999999994e-5 
274 9.408999999999999e-5 
275 0.00014113499999999997 
276 4.7044999999999994e-5 
277 0.00011761249999999999 
278 0.00011761249999999999 
279 9.408999999999999e-5 
280 0.00021170249999999998 
281 0.00023522499999999998 
282 0.00011761249999999999 
283 0.00011761249999999999 
284 0.00011761249999999999 
285 0.000141135 
286 0.000141135 
287 0.00011761249999999999 
288 0.00011761249999999999 
289 0.00011761249999999999 
290 0.00023522499999999998 
291 0.00023522499999999998 
292 0.00023522499999999998 
293 0.00042340499999999996 
294 0.0004939724999999999 
295 0.0008232874999999999 
296 0.0008938549999999999 
297 0.0011526025 
298 0.0011526025 
299 0.0011526025 
300 0.0008938549999999999 
301 0.0008938549999999999 
302 0.0006821525 
303 0.0006115849999999999 
304 0.00044692749999999997 
305 0.0006821525 
306 0.0006115849999999999 
307 0.00056454 
308 0.0004939724999999999 
309 0.0006115849999999999 
310 0.00042340499999999996 
311 0.00047044999999999997 
312 0.0007997649999999999 
313 0.0009879449999999998 
314 0.0007997649999999999 
315 0.0009644224999999999 
316 0.0014348725 
317 0.0014348725 
318 0.0011761249999999999 
319 0.001458395 
320 0.0017641874999999997 
321 0.00131726 
322 0.0011526025 
323 0.0019288449999999998 
324 0.0019288449999999998 
325 0.0019053224999999998 
326 0.0010585125 
327 0.0011526025 
328 0.00056454 
329 0.0003998825 
330 0.00032931499999999995 
331 0.0002587475 
332 0.0002587475 
333 0.00023522499999999998 
334 0.00023522499999999998 
335 0.00042340499999999996 
336 0.00042340499999999996 
337 0.0006115849999999999 
338 0.0009644224999999999 
339 0.0009644224999999999 
340 0.0016230524999999998 
341 0.0018347549999999998 
342 0.0017641874999999997 
343 0.0018347549999999998 
344 0.0022111149999999996 
345 0.002869745 
346 0.002869745 
347 0.0027521324999999998 
348 0.002681565 
349 0.0030108799999999996 
350 0.002305205 
351 0.0019994124999999996 
352 0.0019994124999999996 
353 0.0014348725 
354 0.00122317 
355 0.0007997649999999999 
356 0.0008232874999999999 
357 0.0010820349999999999 
358 0.0012466925 
359 0.001458395 
360 0.00103499 
361 0.0008938549999999998 
362 0.0009644224999999999 
363 0.0009644224999999999 
364 0.0006115849999999999 
365 0.00042340499999999996 
366 0.00021170249999999998 
367 0.0003057925 
368 0.0002587475 
369 0.0002587475 
370 0.0002587475 
371 0.0006115849999999999 
372 0.0006821525 
373 0.0010585125 
374 0.0016230524999999998 
375 0.0021875924999999997 
376 0.0025874749999999992 
377 0.0032931499999999995 
378 0.0032931499999999995 
379 0.0032931499999999995 
380 0.0030344024999999996 
381 0.0028462224999999996 
382 0.0028462224999999996 
383 0.0025874749999999992 
384 0.0021875924999999997 
385 0.0017641874999999997 
386 0.0015524849999999997 
387 0.002117025 
388 0.0025874749999999992 
389 0.0030344024999999996 
390 0.0031520149999999998 
391 0.0035989424999999997 
392 0.0029403125 
393 0.0029403125 
394 0.0029403125 
395 0.0033166724999999994 
396 0.0023757724999999997 
397 0.0019288449999999998 
398 0.0018112324999999998 
399 0.0011526025 
400 0.0011526025 
401 0.00131726 
402 0.0009879449999999998 
403 0.0009879449999999998 
404 0.0006115849999999999 
405 0.0008232874999999999 
406 0.00122317 
407 0.001458395 
408 0.0016936199999999998 
409 0.0019994124999999996 
410 0.0026580425 
411 0.0026580425 
412 0.0030814474999999995 
413 0.003528375 
414 0.0038576899999999996 
415 0.0030814474999999995 
416 0.0027756549999999997 
417 0.0035989424999999997 
418 0.004092914999999999 
419 0.00498677 
420 0.0053396074999999986 
421 0.0044457525 
422 0.0039047349999999995 
423 0.0035989424999999997 
424 0.0024933849999999994 
425 0.0024933849999999994 
426 0.0023757724999999997 
427 0.0023757724999999997 
428 0.0029638349999999997 
429 0.004845634999999999 
430 0.0051984725 
431 0.004728022499999999 
432 0.0053396074999999986 
433 0.0035754199999999997 
434 0.0028226999999999996 
435 0.0022816824999999995 
436 0.0017406649999999997 
437 0.0010820349999999999 
438 0.0008232874999999999 
439 0.0015524849999999997 
440 0.0012466925 
441 0.0020935025 
442 0.002117025 
443 0.0037871224999999993 
444 0.0051043825 
445 0.006256984999999999 
446 0.008773892499999998 
447 0.0074095874999999985 
448 0.006539254999999999 
449 0.0112202325 
450 0.012890329999999998 
451 0.027709504999999992 
452 0.0373772525 
453 0.08112910249999998 
454 0.11537786249999998 
455 0.144287015 
456 0.23127321999999997 
457 0.28048228999999997 
458 0.17801827999999997 
459 0.1839694725 
460 0.0898794725 
461 0.07211998499999998 
462 0.026933262499999992 
463 0.015383714999999997 
464 0.0067274349999999995 
465 0.004845634999999999 
466 0.0036930324999999995 
467 0.0035283749999999994 
468 0.0036459874999999996 
469 0.0038106449999999997 
470 0.0038106449999999997 
471 0.0039047349999999995 
472 0.004633932499999999 
473 0.004375184999999999 
474 0.00498677 
475 0.004633932499999999 
476 0.0032931499999999995 
477 0.003528375 
478 0.0032931499999999995 
479 0.0037871224999999993 
480 0.0035989424999999997 
481 0.0028462224999999996 
482 0.0023757724999999997 
483 0.0020229349999999996 
484 0.0017641874999999997 
485 0.0011996474999999998 
486 0.0011996474999999998 
487 0.0008232874999999999 
488 0.0006115849999999999 
489 0.0004939724999999999 
490 0.0002587475 
491 0.00021170249999999998 
492 0.00021170249999999998 
493 0.00018817999999999998 
494 0.0003057925 
495 0.0003057925 
496 0.0003057925 
497 0.0003057925 
498 0.00039988249999999996 
499 0.00042340499999999996 
500 0.0006351074999999998 
501 0.0009644224999999999 
502 0.0009644224999999999 
503 0.0011526025 
504 0.0008938549999999999 
505 0.0014348725 
506 0.0011761249999999999 
507 0.0008468099999999999 
508 0.0008468099999999999 
509 0.0010585125 
510 0.0009644224999999999 
511 0.0009644224999999999 
512 0.0008938549999999999 
513 0.0008938549999999999 
514 0.0008938549999999999 
515 0.0008938549999999999 
516 0.0007762425 
517 0.0006115849999999999 
518 0.0004939724999999999 
519 0.00042340499999999996 
520 0.0004939724999999999 
521 0.0004939724999999999 
522 0.00056454 
523 0.00056454 
524 0.0006821525 
525 0.0006821525 
526 0.0008468099999999999 
527 0.0006115849999999999 
528 0.0008232874999999999 
529 0.0007997649999999999 
530 0.0006821525 
531 0.00047044999999999997 
532 0.0006351074999999998 
533 0.0006351074999999998 
534 0.0006821525 
535 0.0006821525 
536 0.0006115849999999999 
537 0.00042340499999999996 
538 0.00047044999999999997 
539 0.0003057925 
540 0.0003057925 
541 0.0003057925 
542 0.000329315 
543 0.0002587475 
544 0.00042340499999999996 
545 0.0002587475 
546 0.0002587475 
547 0.000329315 
548 0.00044692749999999997 
549 0.00042340499999999996 
550 0.00044692749999999997 
551 0.0004939724999999999 
552 0.0006115849999999999 
553 0.00044692749999999997 
554 0.0006115849999999999 
555 0.0008232874999999999 
556 0.0006821525 
557 0.0007056749999999999 
558 0.00047044999999999997 
559 0.0006115849999999999 
560 0.0006115849999999999 
561 0.00044692749999999997 
562 0.0006115849999999999 
563 0.00056454 
564 0.00056454 
565 0.00056454 
566 0.0002587475 
567 0.00023522499999999998 
568 0.00023522499999999998 
569 0.00023522499999999998 
570 0.000141135 
571 0.000141135 
572 0.000141135 
573 0.000141135 
574 0.000141135 
575 7.056749999999998e-5 
576 0.00014113499999999997 
577 0.00011761249999999999 
578 7.056749999999998e-5 
579 7.056749999999998e-5 
580 7.056749999999998e-5 
581 7.056749999999998e-5 
582 7.056749999999998e-5 
583 0.00011761249999999999 
584 0.00011761249999999999 
585 0.000141135 
586 0.000141135 
587 0.0002587475 
588 0.00023522499999999998 
589 0.00023522499999999998 
590 0.0003057925 
591 0.00018817999999999998 
592 0.00032931499999999995 
593 0.00032931499999999995 
594 0.00023522499999999998 
595 0.0002587475 
596 0.00032931499999999995 
597 0.00056454 
598 0.0004939724999999999 
599 0.0007762425 
600 0.0011526025 
601 0.0010820349999999999 
602 0.0006821525 
603 0.0007056749999999999 
604 0.00039988249999999996 
605 0.00039988249999999996 
606 0.00023522499999999998 
607 0.00021170249999999998 
608 0.00023522499999999998 
609 0.00023522499999999998 
610 0.00011761249999999999 
611 0.000141135 
612 0.00021170249999999998 
613 0.00011761249999999999 
614 0.00011761249999999999 
615 0.00011761249999999999 
616 0.000141135 
617 0.000141135 
618 0.000141135 
619 0.000141135 
620 0.000141135 
621 0.000141135 
622 0.000141135 
623 0.000141135 
624 0.000141135 
625 0.00011761249999999999 
626 0.00011761249999999999 
627 0.00011761249999999999 
628 0.00018817999999999998 
629 0.00018817999999999998 
630 0.00018817999999999998 
631 0.00021170249999999998 
632 0.00021170249999999998 
633 0.000329315 
634 0.0003057925 
635 0.0003057925 
636 0.00018817999999999998 
637 0.00018817999999999998 
638 0.00011761249999999999 
639 0.000141135 
640 0.000141135 
641 0.000141135 
642 0.00021170249999999998 
643 0.00021170249999999998 
644 0.00021170249999999998 
645 0.00021170249999999998 
646 0.00018817999999999998 
647 0.00018817999999999998 
648 0.00018817999999999998 
649 0.00018817999999999998 
650 0.00018817999999999998 
651 0.00018817999999999998 
652 0.00018817999999999998 
653 0.0003057925 
654 0.00018817999999999998 
655 0.00018817999999999998 
656 0.00021170249999999998 
657 0.00021170249999999998 
658 0.00021170249999999998 
659 0.00021170249999999998 
660 0.00021170249999999998 
661 0.00021170249999999998 
662 0.00021170249999999998 
663 0.00021170249999999998 
664 0.00018817999999999998 
665 0.00018817999999999998 
666 0.00018817999999999998 
667 0.00018817999999999998 
668 0.00018817999999999998 
669 0.00021170249999999998 
670 0.00021170249999999998 
671 0.000329315 
672 0.0002587475 
673 0.00042340499999999996 
674 0.00037635999999999995 
675 0.0005880624999999999 
676 0.0008703324999999999 
677 0.0008938549999999998 
678 0.0011996474999999998 
679 0.0011996474999999998 
680 0.0015524849999999997 
681 0.0016230524999999998 
682 0.0020229349999999996 
683 0.0019994124999999996 
684 0.0020229349999999996 
685 0.0019523674999999995 
686 0.0015524849999999997 
687 0.0015995299999999998 
688 0.0015995299999999998 
689 0.0012702149999999999 
690 0.0017406649999999997 
691 0.0013878274999999999 
692 0.0010820349999999999 
693 0.0010820349999999999 
694 0.0008232874999999999 
695 0.0007056749999999999 
696 0.0004939724999999999 
697 0.0004939724999999999 
698 0.000329315 
699 0.0002587475 
700 0.000141135 
701 4.7044999999999994e-5 
702 0.0 
703 2.3522499999999997e-5 
704 4.7044999999999994e-5 
705 2.3522499999999997e-5 
706 2.3522499999999997e-5 
707 9.408999999999999e-5 
708 9.408999999999999e-5 
709 0.00011761249999999999 
710 0.00011761249999999999 
711 0.00011761249999999999 
712 0.00018817999999999998 
713 0.00018817999999999998 
714 0.00018817999999999998 
715 0.00011761249999999999 
716 0.00011761249999999999 
717 0.00011761249999999999 
718 0.00011761249999999999 
719 0.00018817999999999998 
720 0.00011761249999999999 
721 0.00011761249999999999 
722 0.00023522499999999998 
723 0.00023522499999999998 
724 0.00023522499999999998 
725 0.00023522499999999998 
726 0.00023522499999999998 
727 0.00023522499999999998 
728 0.00023522499999999998 
729 0.00023522499999999998 
730 0.00023522499999999998 
731 0.00023522499999999998 
732 0.0003057925 
733 0.00023522499999999998 
734 0.00023522499999999998 
735 0.00021170249999999998 
736 0.0003057925 
737 0.00018817999999999998 
738 0.00018817999999999998 
739 0.00021170249999999998 
740 0.00018817999999999998 
741 0.00011761249999999999 
742 0.000141135 
743 0.00018817999999999998 
744 0.00011761249999999999 
745 0.00011761249999999999 
746 0.000141135 
747 0.00011761249999999999 
748 4.7044999999999994e-5 
749 0.00011761249999999999 
750 0.00011761249999999999 
751 2.3522499999999997e-5 
752 4.7044999999999994e-5 
753 4.7044999999999994e-5 
754 2.3522499999999997e-5 
755 2.3522499999999997e-5 
756 4.7044999999999994e-5 
757 7.056749999999998e-5 
758 2.3522499999999997e-5 
759 4.7044999999999994e-5 
760 4.7044999999999994e-5 
761 0.00011761249999999999 
762 0.00018817999999999998 
763 0.00032931499999999995 
764 0.00044692749999999997 
765 0.00044692749999999997 
766 0.0008468099999999999 
767 0.0008468099999999999 
768 0.0008468099999999999 
769 0.0009644224999999999 
770 0.0007997649999999999 
771 0.0007997649999999999 
772 0.0009644224999999999 
773 0.0009644224999999999 
774 0.0009644224999999999 
775 0.0007997649999999999 
776 0.0007997649999999999 
777 0.0006821525 
778 0.0006821525 
779 0.000517495 
780 0.000517495 
781 0.00044692749999999997 
782 0.0007762424999999999 
783 0.0007527199999999999 
784 0.0011761249999999999 
785 0.0007527199999999999 
786 0.0007762424999999999 
787 0.000611585 
788 0.0005880624999999999 
789 0.00042340499999999996 
790 0.00044692749999999997 
791 0.0006821525 
792 0.000517495 
793 0.00032931499999999995 
794 0.00044692749999999997 
795 0.00044692749999999997 
796 0.00021170249999999998 
797 0.00018817999999999998 
798 0.00044692749999999997 
799 0.00021170249999999998 
800 4.7044999999999994e-5 
801 4.7044999999999994e-5 
802 4.7044999999999994e-5 
803 2.3522499999999997e-5 
804 7.056749999999998e-5 
805 4.7044999999999994e-5 
806 7.056749999999998e-5 
807 0.000141135 
808 0.000141135 
809 0.00021170249999999998 
810 0.00014113499999999997 
811 0.00014113499999999997 
812 9.408999999999999e-5 
813 0.00011761249999999999 
814 0.0002587475 
815 0.0002587475 
816 0.00014113499999999997 
817 0.00021170249999999998 
818 0.000141135 
819 0.000329315 
820 0.000329315 
821 0.00021170249999999998 
822 0.00021170249999999998 
823 0.0003057925 
824 0.0003057925 
825 0.00023522499999999998 
826 0.00011761249999999999 
827 0.00011761249999999999 
828 0.00011761249999999999 
829 9.408999999999999e-5 
830 4.7044999999999994e-5 
831 0.00011761249999999999 
832 9.408999999999999e-5 
833 9.408999999999999e-5 
834 9.408999999999999e-5 
835 0.0002587475 
836 0.0002587475 
837 0.000141135 
838 0.0002587475 
839 0.00021170249999999998 
840 0.00028226999999999994 
841 0.00021170249999999998 
842 0.00032931499999999995 
843 0.00021170249999999998 
844 0.00021170249999999998 
845 0.00018817999999999998 
846 0.0003057925 
847 0.00018817999999999998 
848 0.00021170249999999998 
849 0.00021170249999999998 
850 0.00021170249999999998 
851 0.00021170249999999998 
852 0.00028226999999999994 
853 0.00032931499999999995 
854 0.00028226999999999994 
855 0.00028226999999999994 
856 0.0003998825 
857 0.0003998825 
858 0.00028226999999999994 
859 0.000329315 
860 0.000141135 
861 0.000141135 
862 7.056749999999998e-5 
863 7.056749999999998e-5 
864 0.00011761249999999999 
865 7.056749999999998e-5 
866 0.00014113499999999997 
867 0.00021170249999999998 
868 0.00028226999999999994 
869 0.0003998825 
870 0.000517495 
871 0.0006821525 
872 0.0006821525 
873 0.0006821525 
874 0.0006821525 
875 0.00056454 
876 0.00056454 
877 0.0007056749999999999 
878 0.0004939724999999999 
879 0.0004939724999999999 
880 0.0007056749999999999 
881 0.0006821525 
882 0.0006115849999999999 
883 0.0006115849999999999 
884 0.0008703324999999999 
885 0.0009408999999999999 
886 0.0009644224999999999 
887 0.0009644224999999999 
888 0.0010820349999999999 
889 0.0010820349999999999 
890 0.0011526025 
891 0.0011526025 
892 0.00131726 
893 0.00131726 
894 0.00131726 
895 0.0014348725 
896 0.00131726 
897 0.0008938549999999999 
898 0.0010585125 
899 0.0011761249999999999 
900 0.0010585125 
901 0.0006821525 
902 0.0009644224999999999 
903 0.0008468099999999999 
904 0.0006821525 
905 0.0006821525 
906 0.0009644224999999999 
907 0.0006821525 
908 0.000517495 
909 0.000517495 
910 0.0008468099999999999 
911 0.000517495 
912 0.000517495 
913 0.0003998825 
914 0.000517495 
915 0.000329315 
916 0.00021170249999999998 
917 0.000141135 
918 0.00021170249999999998 
919 0.000141135 
920 4.7044999999999994e-5 
921 2.3522499999999997e-5 
922 4.7044999999999994e-5 
923 0.0 
924 0.0 
925 0.0 
926 2.3522499999999997e-5 
927 0.0 
928 2.3522499999999997e-5 
929 2.3522499999999997e-5 
930 2.3522499999999997e-5 
931 7.056749999999998e-5 
932 4.7044999999999994e-5 
933 4.7044999999999994e-5 
934 4.7044999999999994e-5 
935 4.7044999999999994e-5 
936 7.056749999999998e-5 
937 7.056749999999998e-5 
938 4.7044999999999994e-5 
939 0.00011761249999999999 
940 0.00011761249999999999 
941 0.00011761249999999999 
942 0.00011761249999999999 
943 0.0002587475 
944 0.0002587475 
945 0.00042340499999999996 
946 0.0002587475 
947 0.00032931499999999995 
948 0.00032931499999999995 
949 0.00011761249999999999 
950 0.00011761249999999999 
951 0.00011761249999999999 
952 0.00011761249999999999 
953 0.00021170249999999998 
954 0.0002587475 
955 0.0002587475 
956 0.0002587475 
957 0.0003998825 
958 0.0004939724999999999 
959 0.0004939724999999999 
960 0.00039988249999999996 
961 0.00039988249999999996 
962 0.00047044999999999997 
963 0.00042340499999999996 
964 0.00037635999999999995 
965 0.00039988249999999996 
966 0.00042340499999999996 
967 0.00021170249999999998 
968 0.00021170249999999998 
969 0.00021170249999999998 
970 0.00023522499999999998 
971 0.00021170249999999998 
972 0.00021170249999999998 
973 0.00023522499999999998 
974 0.00021170249999999998 
975 0.00023522499999999998 
976 0.00021170249999999998 
977 9.408999999999999e-5 
978 0.00011761249999999999 
979 0.00023522499999999998 
980 9.408999999999999e-5 
981 0.00011761249999999999 
982 0.00011761249999999999 
983 0.00011761249999999999 
984 9.408999999999999e-5 
985 0.00011761249999999999 
986 0.00011761249999999999 
987 9.408999999999999e-5 
988 2.3522499999999997e-5 
989 4.7044999999999994e-5 
990 9.408999999999999e-5 
991 2.3522499999999997e-5 
992 2.3522499999999997e-5 
993 2.3522499999999997e-5 
994 2.3522499999999997e-5 
995 4.7044999999999994e-5 
996 0.0 
997 4.7044999999999994e-5 
998 4.7044999999999994e-5 
999 2.3522499999999997e-5 
1000 2.3522499999999997e-5 
1001 2.3522499999999997e-5 
1002 9.408999999999999e-5 
1003 7.056749999999998e-5 
1004 9.408999999999999e-5 
1005 9.408999999999999e-5 
1006 0.00011761249999999999 
1007 0.000141135 
1008 0.000141135 
1009 0.0002587475 
1010 0.00023522499999999998 
1011 0.00021170249999999998 
1012 0.00037635999999999995 
1013 0.00037635999999999995 
1014 0.00037635999999999995 
1015 0.00037635999999999995 
1016 0.00021170249999999998 
1017 0.00023522499999999998 
1018 0.00042340499999999996 
1019 0.00042340499999999996 
1020 0.0006351074999999998 
1021 0.0006115849999999999 
1022 0.00042340499999999996 
1023 0.0004939724999999999 
1024 0.000329315 
1025 0.000329315 
1026 0.00028226999999999994 
1027 0.00021170249999999998 
1028 0.00021170249999999998 
1029 0.00021170249999999998 
1030 0.00018817999999999998 
1031 0.00011761249999999999 
1032 4.7044999999999994e-5 
1033 4.7044999999999994e-5 
1034 7.056749999999998e-5 
1035 0.00021170249999999998 
1036 0.00021170249999999998 
1037 0.000329315 
1038 0.000329315 
1039 0.0004939724999999999 
1040 0.0004939724999999999 
1041 0.0007056749999999999 
1042 0.0007056749999999999 
1043 0.0009644224999999999 
1044 0.0009644224999999999 
1045 0.0013878274999999999 
1046 0.0016230524999999998 
1047 0.0015995299999999998 
1048 0.0019994124999999996 
1049 0.0019994124999999996 
1050 0.0020229349999999996 
1051 0.0019523674999999995 
1052 0.0020229349999999996 
1053 0.0020229349999999996 
1054 0.0020229349999999996 
1055 0.0024698624999999995 
1056 0.0024698624999999995 
1057 0.0029638349999999993 
1058 0.0030814474999999995 
1059 0.0030814474999999995 
1060 0.0025874749999999997 
1061 0.0025639524999999997 
1062 0.0020229349999999996 
1063 0.0020229349999999996 
1064 0.0015524849999999997 
1065 0.0015524849999999997 
1066 0.0011996474999999998 
1067 0.0011996474999999998 
1068 0.0015524849999999997 
1069 0.0019523674999999995 
1070 0.0020229349999999996 
1071 0.0024698624999999995 
1072 0.0025639524999999997 
1073 0.0030814474999999995 
1074 0.0030814474999999995 
1075 0.0030579249999999995 
1076 0.0024698624999999995 
1077 0.0019994124999999996 
1078 0.0019994124999999996 
1079 0.0015995299999999998 
1080 0.0012466925 
1081 0.0011761249999999999 
1082 0.0012466925 
1083 0.0012702149999999999 
1084 0.0016230524999999998 
1085 0.0017406649999999997 
1086 0.002117025 
1087 0.002117025 
1088 0.002117025 
1089 0.0020229349999999996 
1090 0.0020229349999999996 
1091 0.0020229349999999996 
1092 0.0016230524999999998 
1093 0.0016230524999999998 
1094 0.0019523674999999995 
1095 0.0016230524999999998 
1096 0.0019994124999999996 
1097 0.002117025 
1098 0.002117025 
1099 0.0025639524999999997 
1100 0.0025639524999999997 
1101 0.00272861 
1102 0.00272861 
1103 0.002117025 
1104 0.002117025 
1105 0.0025639524999999997 
1106 0.0025874749999999997 
1107 0.0024698624999999995 
1108 0.0029638349999999993 
1109 0.003034402499999999 
1110 0.0029638349999999993 
1111 0.0024698624999999995 
1112 0.0024698624999999995 
1113 0.0024698624999999995 
1114 0.0025639524999999997 
1115 0.0024463399999999995 
1116 0.0030814474999999995 
1117 0.0030579249999999995 
1118 0.0030579249999999995 
1119 0.0030579249999999995 
1120 0.0035989424999999997 
1121 0.0037635999999999998 
1122 0.023005004999999995 
1123 0.013948842499999997 
1124 0.008538667499999998 
1125 0.0041634824999999985 
1126 0.0024698624999999995 
1127 0.0008232874999999999 
1128 0.00044692749999999997 
1129 0.0011761249999999999 
1130 0.0008232874999999999 
1131 0.00021170249999999998 
1132 0.00032931499999999995 
1133 0.0004939724999999999 
1134 0.00021170249999999998 
1135 0.000329315 
1136 0.0004939724999999999 
1137 0.0003057925 
1138 0.000329315 
1139 0.0003057925 
1140 0.0003057925 
1141 0.00042340499999999996 
1142 0.0003057925 
1143 0.0003057925 
1144 0.0002587475 
1145 0.0003057925 
1146 0.00021170249999999998 
1147 0.0003998825 
1148 0.00042340499999999996 
1149 0.0006821525 
1150 0.00044692749999999997 
1151 0.0008232874999999999 
1152 0.0009644224999999999 
1153 0.0004939724999999999 
1154 0.0010820349999999999 
1155 0.0029403125 
1156 0.0061393724999999994 
1157 0.008021172499999998 
1158 0.013925319999999998 
1159 0.015995299999999997 
1160 0.022722734999999997 
1161 0.031543672499999995 
1162 0.0395413225 
1163 0.05198472499999999 
1164 0.07586006249999999 
1165 0.08705677249999999 
1166 0.080305815 
1167 0.10368718 
1168 0.112955045 
1169 0.106651015 
1170 0.08491622499999998 
1171 0.07663630499999999 
1172 0.06445164999999999 
1173 0.04556308249999999 
1174 0.041728915 
1175 0.0400117725 
1176 0.030955609999999995 
1177 0.030696862499999995 
1178 0.023193184999999995 
1179 0.017053812499999994 
1180 0.013760662499999998 
1181 0.0075271999999999995 
1182 0.006845047499999999 
1183 0.0038812124999999995 
1184 0.0023757724999999997 
1185 0.0031520149999999993 
1186 0.0025874749999999997 
1187 0.0051984725 
1188 0.006986182499999999 
1189 0.011996475 
1190 0.016889155 
1191 0.024886804999999994 
1192 0.03582476749999999 
1193 0.0455630825 
1194 0.03702441499999999 
1195 0.03740077499999999 
1196 0.025851227499999997 
1197 0.02531021 
1198 0.017147902499999996 
1199 0.0122552225 
1200 0.010961485 
1201 0.0068920925 
1202 0.007197885 
1203 0.009644225 
1204 0.0147015625 
1205 0.0148897425 
1206 0.018629820000000002 
1207 0.012561014999999997 
1208 0.009714792499999998 
1209 0.006327552499999999 
1210 0.0047044999999999995 
1211 0.006915615 
1212 0.0060923274999999995 
1213 0.009738314999999997 
1214 0.010373422499999996 
1215 0.019053224999999997 
1216 0.0246751025 
1217 0.05967658249999999 
1218 0.07162601249999999 
1219 0.09919438250000001 
1220 0.0665451525 
1221 0.0185592525 
1222 0.016277569999999998 
1223 0.0082093525 
1224 0.007832992499999998 
1225 0.005033814999999999 
1226 0.007386064999999999 
1227 0.0071037949999999996 
1228 0.013501914999999996 
1229 0.020840935 
1230 0.025145552499999998 
1231 0.0432108325 
1232 0.04803294499999999 
1233 0.04857396249999999 
1234 0.0401999525 
1235 0.046151145000000005 
1236 0.05158484249999999 
1237 0.07329610999999998 
1238 0.08658632249999997 
1239 0.12278744999999996 
1240 0.12271688249999999 
1241 0.11147312749999998 
1242 0.1207409925 
1243 0.15407237499999998 
1244 0.13852400249999997 
1245 0.1285504625 
1246 0.1726786725 
1247 0.1718318625 
1248 0.1364540225 
1249 0.16917381999999997 
1250 0.1308556675 
1251 0.0956660075 
1252 0.09997062499999998 
1253 0.06654515249999998 
1254 0.031849464999999993 
1255 0.05231403999999999 
1256 0.04488093 
1257 0.020840935 
1258 0.0108438725 
1259 0.008985594999999999 
1260 0.0038576899999999996 
1261 0.004751544999999999 
1262 0.0019523674999999997 
1263 0.002869745 
1264 0.007550722499999999 
1265 0.009503089999999997 
1266 0.0216642225 
1267 0.040011772499999994 
1268 0.28648052749999997 
1269 0.32837409999999995 
1270 0.5830051625 
1271 0.4562188874999999 
1272 0.5431110024999999 
1273 0.9332551874999999 
1274 1.051314615 
1275 0.8439873 
1276 1.4126202149999996 
1277 1.6383186024999998 
1278 0.471626125 
1279 0.087833015 
1280 0.043093219999999995 
1281 0.024322264999999996 
1282 0.026227587499999996 
1283 0.020041169999999997 
1284 0.0122552225 
1285 0.009855927499999997 
1286 0.005410174999999999 
1287 0.003340195 
1288 0.001458395 
1289 0.0017406649999999997 
1290 0.0008938549999999999 
1291 0.0007762424999999999 
1292 0.0006351074999999998 
1293 0.0007056749999999999 
1294 0.00056454 
1295 0.00014113499999999997 
1296 0.0004939724999999999 
1297 0.000517495 
1298 0.0013407824999999997 
1299 0.0011761249999999999 
1300 0.0029403125 
1301 0.00404587 
1302 0.0115495475 
1303 0.012913852499999998 
1304 0.0185122075 
1305 0.016442227499999996 
1306 0.018488684999999998 
1307 0.016136434999999998 
1308 0.0208174125 
1309 0.018394594999999996 
1310 0.0121140875 
1311 0.0080211725 
1312 0.006445164999999999 
1313 0.0031990599999999997 
1314 0.0025169075 
1315 0.0012702149999999999 
1316 0.002022935 
1317 0.0009644224999999999 
1318 0.0013172599999999998 
1319 0.0010585125 
1320 0.0008232874999999999 
1321 0.0017641874999999997 
1322 0.0020935025 
1323 0.0005880624999999999 
1324 0.0008468099999999999 
1325 0.0002587475 
1326 0.000611585 
1327 0.000517495 
1328 0.0018112324999999998 
1329 0.003528375 
1330 0.004845634999999999 
1331 0.009150252499999999 
1332 0.0118788625 
1333 0.011620114999999999 
1334 0.0160188225 
1335 0.018676864999999994 
1336 0.025404299999999998 
1337 0.0367656675 
1338 0.049867699999999994 
1339 0.06598061249999998 
1340 0.08762131249999998 
1341 0.11180244249999999 
1342 0.10401649499999999 
1343 0.10712146499999999 
1344 0.12735081499999998 
1345 0.14478098749999996 
1346 0.136665725 
1347 0.14327554750000002 
1348 0.157835975 
1349 0.13014999249999998 
1350 0.11097915499999998 
1351 0.09338432499999998 
1352 0.07308440749999999 
1353 0.06299325499999998 
1354 0.08529258499999998 
1355 0.072684525 
1356 0.05313732749999999 
1357 0.04015290749999999 
1358 0.029050287499999994 
1359 0.0222758075 
1360 0.014983832499999999 
1361 0.0097147925 
1362 0.008679802499999998 
1363 0.0050102925 
1364 0.0036930324999999995 
1365 0.0019994124999999996 
1366 0.002117025 
1367 0.0013407825 
1368 0.0007056749999999999 
1369 0.00032931499999999995 
1370 7.056749999999998e-5 
1371 0.00023522499999999998 
1372 0.00018817999999999998 
1373 0.00044692749999999997 
1374 0.0006115849999999999 
1375 0.0004939724999999999 
1376 0.00047044999999999997 
1377 0.0004939724999999999 
1378 0.0004939724999999999 
1379 0.0007056749999999999 
1380 0.00056454 
1381 0.00056454 
1382 0.00032931499999999995 
1383 0.000141135 
1384 9.408999999999999e-5 
1385 0.00011761249999999999 
1386 0.00028226999999999994 
1387 0.00021170249999999998 
1388 0.00021170249999999998 
1389 0.00044692749999999997 
1390 0.00042340499999999996 
1391 0.000611585 
1392 0.00032931499999999995 
1393 0.00044692749999999997 
1394 0.000611585 
1395 0.00047044999999999997 
1396 0.00032931499999999995 
1397 0.000611585 
1398 0.00047044999999999997 
1399 0.00047044999999999997 
1400 0.00039988249999999996 
1401 0.00042340499999999996 
1402 0.00042340499999999996 
1403 0.00047044999999999997 
1404 0.0004939724999999999 
1405 0.0004939724999999999 
1406 0.0004939724999999999 
1407 0.0004939724999999999 
1408 0.0004939724999999999 
1409 0.00047044999999999997 
1410 0.000611585 
1411 0.000611585 
1412 0.00047044999999999997 
1413 0.0006821525 
1414 0.0008703324999999999 
1415 0.0015524849999999997 
1416 0.0019053224999999996 
1417 0.0023757724999999997 
1418 0.0029403124999999994 
1419 0.0036224649999999996 
1420 0.0035989424999999997 
1421 0.0035989424999999997 
1422 0.0030579249999999995 
1423 0.0032461049999999996 
1424 0.0032461049999999996 
1425 0.0033166724999999994 
1426 0.0040693924999999995 
1427 0.0032461049999999996 
1428 0.0039753025 
1429 0.0032225824999999996 
1430 0.0027521324999999998 
1431 0.0021405474999999993 
1432 0.0018112324999999998 
1433 0.0015760074999999999 
1434 0.0017406649999999997 
1435 0.0015760074999999999 
1436 0.00131726 
1437 0.001646575 
1438 0.0019523674999999997 
1439 0.0019523674999999997 
1440 0.0018347549999999998 
1441 0.0015289625 
1442 0.001458395 
1443 0.0009879449999999998 
1444 0.0007527199999999999 
1445 0.0007527199999999999 
1446 0.0006115849999999999 
1447 0.00047044999999999997 
1448 0.0008232874999999999 
1449 0.0009644224999999999 
1450 0.0011996474999999998 
1451 0.0016230524999999998 
1452 0.0015995299999999998 
1453 0.0015995299999999998 
1454 0.0021405474999999993 
1455 0.0021405474999999993 
1456 0.00272861 
1457 0.0027521324999999998 
1458 0.0022111149999999996 
1459 0.0023287275 
1460 0.0020935025 
1461 0.0023757724999999997 
1462 0.0022111149999999996 
1463 0.0019523674999999997 
1464 0.0019523674999999997 
1465 0.0028697449999999995 
1466 0.0024698625 
1467 0.0033166725 
1468 0.0025639524999999997 
1469 0.0020935024999999994 
1470 0.0024463399999999995 
1471 0.0017641874999999997 
1472 0.001458395 
1473 0.0011996474999999998 
1474 0.0009879449999999998 
1475 0.0009644224999999999 
1476 0.0008232874999999999 
1477 0.0010820349999999999 
1478 0.0012466925 
1479 0.0015289625 
1480 0.0018347549999999998 
1481 0.0018112324999999998 
1482 0.0018112324999999998 
1483 0.0023287275 
1484 0.0021405474999999993 
1485 0.0016230524999999998 
1486 0.0017171424999999998 
1487 0.0016230524999999998 
1488 0.0016936199999999998 
1489 0.0016230524999999998 
1490 0.0012466925 
1491 0.0012702149999999999 
1492 0.0013407825 
1493 0.0009644224999999999 
1494 0.0010820349999999999 
1495 0.0009879449999999998 
1496 0.0011996474999999998 
1497 0.00122317 
1498 0.0015289624999999998 
1499 0.0017406649999999997 
1500 0.0012466925 
1501 0.0012466925 
1502 0.00122317 
1503 0.0009644224999999999 
1504 0.0009879449999999998 
1505 0.0007527199999999999 
1506 0.0007527199999999999 
1507 0.0005880624999999999 
1508 0.00044692749999999997 
1509 0.00044692749999999997 
1510 0.00044692749999999997 
1511 0.0006115849999999999 
1512 0.0006821525 
1513 0.0006115849999999999 
1514 0.0006115849999999999 
1515 0.000517495 
1516 0.0003998825 
1517 0.00044692749999999997 
1518 0.0006115849999999999 
1519 0.000329315 
1520 0.00047044999999999997 
1521 0.00047044999999999997 
1522 0.0003057925 
1523 0.00039988249999999996 
1524 0.00047044999999999997 
1525 0.0006821525 
1526 0.0010820349999999999 
1527 0.0009879449999999998 
1528 0.0009879449999999998 
1529 0.001458395 
1530 0.001458395 
1531 0.0020935024999999994 
1532 0.0023757724999999997 
1533 0.0020935024999999994 
1534 0.0023757724999999997 
1535 0.0028462224999999996 
1536 0.0024463399999999995 
1537 0.0020229349999999996 
1538 0.002117025 
1539 0.0025169074999999994 
1540 0.0029403125 
1541 0.0029638349999999997 
1542 0.0024933849999999994 
1543 0.0020935025 
1544 0.0015524849999999997 
1545 0.00122317 
1546 0.0009644224999999999 
1547 0.0009879449999999998 
1548 0.0006115849999999999 
1549 0.0006821525 
1550 0.0003998825 
1551 0.00028226999999999994 
1552 0.0002587475 
1553 0.00011761249999999999 
1554 0.000141135 
1555 0.00021170249999999998 
1556 4.7044999999999994e-5 
1557 0.00011761249999999999 
1558 0.00039988249999999996 
1559 0.00039988249999999996 
1560 0.00023522499999999998 
1561 0.00039988249999999996 
1562 0.0002587475 
1563 0.0002587475 
1564 0.00011761249999999999 
1565 0.00018817999999999998 
1566 0.00021170249999999998 
1567 0.00014113499999999997 
1568 0.00021170249999999998 
1569 0.0003057925 
1570 0.00018817999999999998 
1571 0.00011761249999999999 
1572 0.00023522499999999998 
1573 0.00023522499999999998 
1574 0.0006115849999999999 
1575 0.0006115849999999999 
1576 0.0009408999999999999 
1577 0.0007056749999999999 
1578 0.0006821525 
1579 0.0008468099999999999 
1580 0.0008468099999999999 
1581 0.0010585125 
1582 0.0011996474999999998 
1583 0.0011996474999999998 
1584 0.0007762424999999999 
1585 0.00044692749999999997 
1586 0.000517495 
1587 0.00056454 
1588 0.0008938549999999999 
1589 0.0011526025 
1590 0.0015524849999999997 
1591 0.0019053224999999998 
1592 0.0020935025 
1593 0.0024933849999999994 
1594 0.0024933849999999994 
1595 0.0029403125 
1596 0.0025169074999999994 
1597 0.0025169074999999994 
1598 0.0024933849999999994 
1599 0.0017406649999999997 
1600 0.0019053224999999998 
1601 0.0020935025 
1602 0.0017406649999999997 
1603 0.0017641874999999997 
1604 0.001458395 
1605 0.0011996474999999998 
1606 0.0012466925 
1607 0.0008232874999999999 
1608 0.0010820349999999999 
1609 0.0008938549999999998 
1610 0.0008938549999999998 
1611 0.0008703324999999999 
1612 0.0009644224999999999 
1613 0.00103499 
1614 0.001458395 
1615 0.0018112324999999998 
1616 0.0023287275 
1617 0.0022111149999999996 
1618 0.0022111149999999996 
1619 0.002117025 
1620 0.002117025 
1621 0.0025874749999999997 
1622 0.0028226999999999996 
1623 0.0032461049999999996 
1624 0.0037871224999999997 
1625 0.0037635999999999998 
1626 0.004351662499999999 
1627 0.004586887499999999 
1628 0.0040693924999999995 
1629 0.0040693924999999995 
1630 0.0036459874999999996 
1631 0.0029403125 
1632 0.0033166724999999994 
1633 0.0024698624999999995 
1634 0.0029638349999999993 
1635 0.0024463399999999995 
1636 0.0025874749999999997 
1637 0.0025874749999999997 
1638 0.0026580424999999995 
1639 0.0021405474999999993 
1640 0.002117025 
1641 0.0016230524999999998 
1642 0.0020229349999999996 
1643 0.0016230524999999998 
1644 0.0020229349999999996 
1645 0.0020935024999999994 
1646 0.0022111149999999996 
1647 0.0029403125 
1648 0.00310497 
1649 0.003528375 
1650 0.0031284925 
1651 0.0031284925 
1652 0.0025639524999999997 
1653 0.0025639524999999997 
1654 0.0025639524999999997 
1655 0.002869745 
1656 0.0029638349999999997 
1657 0.0025639524999999997 
1658 0.002305205 
1659 0.0024933849999999994 
1660 0.0020935025 
1661 0.0016230524999999998 
1662 0.0016230524999999998 
1663 0.0011526025 
1664 0.0008232874999999999 
1665 0.0007056749999999999 
1666 0.0009644224999999999 
1667 0.0009644224999999999 
1668 0.001458395 
1669 0.0018112324999999998 
1670 0.0020935025 
1671 0.0024933849999999994 
1672 0.0026580424999999995 
1673 0.00310497 
1674 0.0029403125 
1675 0.0036459874999999996 
1676 0.0038106449999999997 
1677 0.003528375 
1678 0.003528375 
1679 0.0028697449999999995 
1680 0.0026580424999999995 
1681 0.0024933849999999994 
1682 0.0019288449999999998 
1683 0.0018112324999999998 
1684 0.0012702149999999999 
1685 0.0015524849999999997 
1686 0.0008703324999999999 
1687 0.0008938549999999998 
1688 0.0006351074999999998 
1689 0.00047044999999999997 
1690 0.00047044999999999997 
1691 0.0005880624999999999 
1692 0.000611585 
1693 0.000611585 
1694 0.000611585 
1695 0.000611585 
1696 0.000611585 
1697 0.0004939724999999999 
1698 0.000611585 
1699 0.000611585 
1700 0.000611585 
1701 0.000611585 
1702 0.000611585 
1703 0.000611585 
1704 0.000611585 
1705 0.0005880624999999999 
1706 0.0005880624999999999 
1707 0.00047044999999999997 
1708 0.00047044999999999997 
1709 0.00039988249999999996 
1710 0.0006351074999999998 
1711 0.0006351074999999998 
1712 0.0006821525 
1713 0.0006115849999999999 
1714 0.0008938549999999998 
1715 0.0006821525 
1716 0.000611585 
1717 0.0007762424999999999 
1718 0.0007762424999999999 
1719 0.0007527199999999999 
1720 0.0007527199999999999 
1721 0.0007527199999999999 
1722 0.0007527199999999999 
1723 0.0007527199999999999 
1724 0.000611585 
1725 0.0007997649999999999 
1726 0.0009879449999999998 
1727 0.0009879449999999998 
1728 0.0009879449999999998 
1729 0.0009644224999999999 
1730 0.0007527199999999999 
1731 0.0007527199999999999 
1732 0.0009644224999999999 
1733 0.0009644224999999999 
1734 0.0007527199999999999 
1735 0.0007762424999999999 
1736 0.0007527199999999999 
1737 0.0005880624999999999 
1738 0.0005880624999999999 
1739 0.0005880624999999999 
1740 0.00047044999999999997 
1741 0.00047044999999999997 
1742 0.00047044999999999997 
1743 0.00047044999999999997 
1744 0.00047044999999999997 
1745 0.0005880624999999999 
1746 0.0005880624999999999 
1747 0.0007527199999999999 
1748 0.000611585 
1749 0.0007762424999999999 
1750 0.000611585 
1751 0.000611585 
1752 0.000611585 
1753 0.0006821525 
1754 0.0006821525 
1755 0.0006821525 
1756 0.0006821525 
1757 0.0006821525 
1758 0.000611585 
1759 0.0004939724999999999 
1760 0.0004939724999999999 
1761 0.0004939724999999999 
1762 0.00047044999999999997 
1763 0.00047044999999999997 
1764 0.0004939724999999999 
1765 0.0004939724999999999 
1766 0.000611585 
1767 0.000611585 
1768 0.000611585 
1769 0.000611585 
1770 0.0006821525 
1771 0.0008468099999999999 
1772 0.0010585125 
1773 0.0011761249999999999 
1774 0.0011761249999999999 
1775 0.0015524849999999997 
1776 0.0015524849999999997 
1777 0.00206998 
1778 0.0025404299999999998 
1779 0.0022816825 
1780 0.0015524849999999997 
1781 0.0019053224999999998 
1782 0.001646575 
1783 0.0012702149999999999 
1784 0.0010585125 
1785 0.0007762424999999999 
1786 0.000611585 
1787 0.000611585 
1788 0.000611585 
1789 0.000611585 
1790 0.000611585 
1791 0.000611585 
1792 0.000611585 
1793 0.0006821525 
1794 0.0006821525 
1795 0.0006821525 
1796 0.0007997649999999999 
1797 0.0010114675 
1798 0.0007997649999999999 
1799 0.0007997649999999999 
1800 0.0007997649999999999 
1801 0.0009644224999999999 
1802 0.0006351074999999999 
1803 0.0006351074999999999 
1804 0.000517495 
1805 0.0006821525 
1806 0.0007997649999999999 
1807 0.0008938549999999999 
1808 0.0010114675 
1809 0.0008938549999999999 
1810 0.0011526025 
1811 0.0013172599999999998 
1812 0.0013172599999999998 
1813 0.0013172599999999998 
1814 0.0013172599999999998 
1815 0.0011526025 
1816 0.0010585125 
1817 0.0008938549999999999 
1818 0.0006821525 
1819 0.0006821525 
1820 0.0003998825 
1821 0.0003998825 
1822 0.00028226999999999994 
1823 0.00021170249999999998 
1824 0.00021170249999999998 
1825 0.000141135 
1826 0.0002587475 
1827 0.0002587475 
1828 0.0002587475 
1829 0.00023522499999999998 
1830 0.00023522499999999998 
1831 0.00023522499999999998 
1832 0.00023522499999999998 
1833 0.00023522499999999998 
1834 0.00023522499999999998 
1835 0.00039988249999999996 
1836 0.00039988249999999996 
1837 0.00039988249999999996 
1838 0.00039988249999999996 
1839 0.00039988249999999996 
1840 0.00042340499999999996 
1841 0.0006821525 
1842 0.0007056749999999999 
1843 0.0007056749999999999 
1844 0.0004939724999999999 
1845 0.0004939724999999999 
1846 0.0004939724999999999 
1847 0.0004939724999999999 
1848 0.0002587475 
1849 0.0002587475 
1850 0.0002587475 
1851 0.00023522499999999998 
1852 0.00011761249999999999 
1853 0.00011761249999999999 
1854 0.00023522499999999998 
1855 0.00023522499999999998 
1856 0.00011761249999999999 
1857 0.00011761249999999999 
1858 0.00023522499999999998 
1859 0.00023522499999999998 
1860 0.00011761249999999999 
1861 0.00011761249999999999 
1862 0.00023522499999999998 
1863 0.00011761249999999999 
1864 0.000141135 
1865 0.000141135 
1866 0.000141135 
1867 0.00011761249999999999 
1868 0.00011761249999999999 
1869 0.000141135 
1870 0.00021170249999999998 
1871 0.00018817999999999998 
1872 0.00018817999999999998 
1873 0.00021170249999999998 
1874 0.00023522499999999998 
1875 0.00023522499999999998 
1876 0.0002587475 
1877 0.0002587475 
1878 0.00023522499999999998 
1879 0.00037635999999999995 
1880 0.00037635999999999995 
1881 0.0005880624999999999 
1882 0.0005880624999999999 
1883 0.0006115849999999999 
1884 0.0008703324999999999 
1885 0.0009408999999999999 
1886 0.0012466925 
1887 0.0015995299999999998 
1888 0.0017171424999999998 
1889 0.0017171424999999998 
1890 0.0017171424999999998 
1891 0.0017171424999999998 
1892 0.0017171424999999998 
1893 0.0017406649999999997 
1894 0.0019053224999999998 
1895 0.0013878274999999999 
1896 0.0015524849999999997 
1897 0.0010820349999999999 
1898 0.0012466925 
1899 0.0013172599999999998 
1900 0.0008938549999999999 
1901 0.0010820349999999999 
1902 0.0008232874999999999 
1903 0.0008232874999999999 
1904 0.0010820349999999999 
1905 0.0013172599999999998 
1906 0.0010585125 
1907 0.0008938549999999999 
1908 0.0006821525 
1909 0.0008232874999999999 
1910 0.0006821525 
1911 0.0008938549999999999 
1912 0.0008938549999999999 
1913 0.0006821525 
1914 0.0006821525 
1915 0.0006821525 
1916 0.0007997649999999999 
1917 0.0006351074999999999 
1918 0.0006351074999999999 
1919 0.0006351074999999999 
1920 0.0006351074999999999 
1921 0.0003998825 
1922 0.00032931499999999995 
1923 0.00032931499999999995 
1924 0.0003057925 
1925 0.00023522499999999998 
1926 0.00047044999999999997 
1927 0.00023522499999999998 
1928 0.00032931499999999995 
1929 0.00032931499999999995 
1930 0.000141135 
1931 0.0003057925 
1932 0.00018817999999999998 
1933 0.00018817999999999998 
1934 0.00042340499999999996 
1935 0.0003057925 
1936 0.0003057925 
1937 0.00047044999999999997 
1938 0.00047044999999999997 
1939 0.00042340499999999996 
1940 0.00042340499999999996 
1941 0.0005880624999999999 
1942 0.00042340499999999996 
1943 0.00042340499999999996 
1944 0.0003057925 
1945 0.000329315 
1946 0.0004939724999999999 
1947 0.0002587475 
1948 0.00042340499999999996 
1949 0.00042340499999999996 
1950 0.00042340499999999996 
1951 0.00042340499999999996 
1952 0.00023522499999999998 
1953 0.00023522499999999998 
1954 0.00023522499999999998 
1955 0.00023522499999999998 
1956 0.0002587475 
1957 0.000141135 
1958 0.00021170249999999998 
1959 0.00021170249999999998 
1960 0.00021170249999999998 
1961 0.00028226999999999994 
1962 0.0003998825 
1963 0.0003998825 
1964 0.00032931499999999995 
1965 0.00032931499999999995 
1966 0.0004939724999999999 
1967 0.0004939724999999999 
1968 0.00042340499999999996 
1969 0.0004939724999999999 
1970 0.0007056749999999999 
1971 0.0006115849999999999 
1972 0.0006351074999999998 
1973 0.0007056749999999999 
1974 0.0009408999999999999 
1975 0.0008703324999999999 
1976 0.0008703324999999999 
1977 0.0009408999999999999 
1978 0.0012466925 
1979 0.0011761249999999999 
1980 0.0008703324999999999 
1981 0.0008703324999999999 
1982 0.0008703324999999999 
1983 0.0008703324999999999 
1984 0.0005880624999999999 
1985 0.0006115849999999999 
1986 0.0008703324999999999 
1987 0.0008703324999999999 
1988 0.0008703324999999999 
1989 0.0011761249999999999 
1990 0.0011996474999999998 
1991 0.0015524849999999997 
1992 0.0015995299999999998 
1993 0.0012466925 
1994 0.0015995299999999998 
1995 0.0015995299999999998 
1996 0.0012466925 
1997 0.0012466925 
1998 0.0012466925 
1999 0.0011761249999999999 
2000 0.0009408999999999999 
2001 0.0009644224999999999 
2002 0.0008703324999999999 
2003 0.0008703324999999999 
2004 0.0007056749999999999 
2005 0.0009644224999999999 
2006 0.0009644224999999999 
2007 0.0012466925 
2008 0.0012466925 
2009 0.0017171424999999998 
2010 0.0013878274999999999 
2011 0.0013878274999999999 
2012 0.0017171424999999998 
2013 0.0017406649999999997 
2014 0.0019053224999999998 
2015 0.0017406649999999997 
2016 0.0019053224999999998 
2017 0.0019758899999999997 
2018 0.0016230525 
2019 0.0015524849999999997 
2020 0.0016230525 
2021 0.0016230525 
2022 0.0013172599999999998 
2023 0.0016230525 
2024 0.0013172599999999998 
2025 0.0013172599999999998 
2026 0.0010585125 
2027 0.0013172599999999998 
2028 0.0011761249999999999 
2029 0.0011761249999999999 
2030 0.0011761249999999999 
2031 0.0011761249999999999 
2032 0.0009644224999999999 
2033 0.0009644224999999999 
2034 0.0009644224999999999 
2035 0.0013407824999999997 
2036 0.0009644224999999999 
2037 0.0006821525 
2038 0.0006821525 
2039 0.0006351074999999999 
2040 0.000517495 
2041 0.00056454 
2042 0.0003998825 
2043 0.0003998825 
2044 0.00056454 
2045 0.00032931499999999995 
2046 0.00032931499999999995 
2047 0.00032931499999999995 
2048 0.00032931499999999995 
2049 0.00032931499999999995 
2050 0.0002587475 
2051 0.0003057925 
2052 0.00023522499999999998 
2053 0.00023522499999999998 
2054 0.00023522499999999998 
2055 0.00023522499999999998 
2056 0.00039988249999999996 
2057 0.00039988249999999996 
2058 0.00039988249999999996 
2059 0.00023522499999999998 
2060 0.00039988249999999996 
2061 0.00039988249999999996 
2062 0.00039988249999999996 
2063 0.00042340499999999996 
2064 0.00042340499999999996 
2065 0.00042340499999999996 
2066 0.00042340499999999996 
2067 0.00039988249999999996 
2068 0.00047044999999999997 
2069 0.00039988249999999996 
2070 0.00042340499999999996 
2071 0.00039988249999999996 
2072 0.00039988249999999996 
2073 0.00039988249999999996 
2074 0.00039988249999999996 
2075 0.0006351074999999998 
2076 0.0006351074999999998 
2077 0.0006115849999999999 
2078 0.0006351074999999998 
2079 0.0007056749999999999 
2080 0.0011526025 
2081 0.0007762425 
2082 0.0008938549999999999 
2083 0.0008232874999999999 
2084 0.0007056749999999999 
2085 0.0007056749999999999 
2086 0.0007056749999999999 
2087 0.0007056749999999999 
2088 0.00042340499999999996 
2089 0.00042340499999999996 
2090 0.00042340499999999996 
2091 0.00042340499999999996 
2092 0.00042340499999999996 
2093 0.00042340499999999996 
2094 0.00042340499999999996 
2095 0.00039988249999999996 
2096 0.00023522499999999998 
2097 0.00023522499999999998 
2098 0.00039988249999999996 
2099 0.00023522499999999998 
2100 0.00023522499999999998 
2101 0.00023522499999999998 
2102 0.00023522499999999998 
2103 0.00023522499999999998 
2104 0.00023522499999999998 
2105 0.00023522499999999998 
2106 0.00023522499999999998 
2107 0.00011761249999999999 
2108 0.00023522499999999998 
2109 0.00023522499999999998 
2110 0.000141135 
2111 0.000141135 
2112 0.000141135 
2113 0.000141135 
2114 0.000141135 
2115 0.000141135 
2116 0.00021170249999999998 
2117 0.00021170249999999998 
2118 0.00011761249999999999 
2119 0.00021170249999999998 
2120 0.000329315 
2121 0.0002587475 
2122 0.0002587475 
2123 0.0002587475 
2124 0.00042340499999999996 
2125 0.00037635999999999995 
2126 0.00042340499999999996 
2127 0.00042340499999999996 
2128 0.0006351074999999998 
2129 0.0006115849999999999 
2130 0.0006115849999999999 
2131 0.0006351074999999998 
2132 0.00042340499999999996 
2133 0.00042340499999999996 
2134 0.0002587475 
2135 0.000329315 
2136 0.0003998825 
2137 0.000329315 
2138 0.00056454 
2139 0.00056454 
2140 0.00056454 
2141 0.0006821525 
2142 0.0007762425 
2143 0.0007056749999999999 
2144 0.0007056749999999999 
2145 0.0007056749999999999 
2146 0.0007056749999999999 
2147 0.0007056749999999999 
2148 0.0004939724999999999 
2149 0.00056454 
2150 0.0003998825 
2151 0.0003998825 
2152 0.0003998825 
2153 0.00028226999999999994 
2154 0.00028226999999999994 
2155 0.0003998825 
2156 0.0003998825 
2157 0.00056454 
2158 0.0006821525 
2159 0.00056454 
2160 0.0008938549999999999 
2161 0.0008938549999999999 
2162 0.0008938549999999999 
2163 0.0008938549999999999 
2164 0.0008938549999999999 
2165 0.0014348725 
2166 0.0014348725 
2167 0.0014348725 
2168 0.0014348725 
2169 0.0011761249999999999 
2170 0.0011526025 
2171 0.0008938549999999999 
2172 0.0008938549999999999 
2173 0.0007762425 
2174 0.0007056749999999999 
2175 0.0006351074999999998 
2176 0.0009644224999999999 
2177 0.0008703324999999999 
2178 0.0008703324999999999 
2179 0.0008703324999999999 
2180 0.0008703324999999999 
2181 0.0008703324999999999 
2182 0.0006115849999999999 
2183 0.0008703324999999999 
2184 0.0006115849999999999 
2185 0.0008703324999999999 
2186 0.0008703324999999999 
2187 0.0008703324999999999 
2188 0.0009644224999999999 
2189 0.0009644224999999999 
2190 0.0009644224999999999 
2191 0.0011526025 
2192 0.0011526025 
2193 0.0016230525 
2194 0.0014348725 
2195 0.0016230525 
2196 0.001458395 
2197 0.0013878274999999999 
2198 0.0013878274999999999 
2199 0.0012702149999999999 
2200 0.0009644224999999999 
2201 0.0009644224999999999 
2202 0.0007056749999999999 
2203 0.0009644224999999999 
2204 0.0010820349999999999 
2205 0.001458395 
2206 0.0013878274999999999 
2207 0.0013878274999999999 
2208 0.0017406649999999997 
2209 0.0016230524999999998 
2210 0.0012466925 
2211 0.0015995299999999998 
2212 0.0011996474999999998 
2213 0.0011996474999999998 
2214 0.0011761249999999999 
2215 0.0008703324999999999 
2216 0.0008938549999999998 
2217 0.0008703324999999999 
2218 0.0006115849999999999 
2219 0.0006115849999999999 
2220 0.0005880624999999999 
2221 0.0006115849999999999 
2222 0.00039988249999999996 
2223 0.00037635999999999995 
2224 0.00042340499999999996 
2225 0.0002587475 
2226 0.00056454 
2227 0.0007056749999999999 
2228 0.0007056749999999999 
2229 0.0009644224999999999 
2230 0.0012702149999999999 
2231 0.0012466925 
2232 0.0012466925 
2233 0.0015995299999999998 
2234 0.0015524849999999997 
2235 0.0020229349999999996 
2236 0.0020229349999999996 
2237 0.0019523674999999995 
2238 0.0024698624999999995 
2239 0.0024698624999999995 
2240 0.0024698624999999995 
2241 0.0024698624999999995 
2242 0.003034402499999999 
2243 0.010773305 
2244 0.0075977675 
2245 0.007386065 
2246 0.0057159674999999995 
2247 0.004210527499999999 
2248 0.0034813299999999995 
2249 0.0025404299999999993 
2250 0.0031520149999999993 
2251 0.0026580424999999995 
2252 0.0019758899999999997 
2253 0.0018347549999999998 
2254 0.0017877099999999999 
2255 0.0012702149999999999 
2256 0.00131726 
2257 0.0018347549999999998 
2258 0.0016230524999999998 
2259 0.0018347549999999998 
2260 0.0018347549999999998 
2261 0.0020935024999999994 
2262 0.0017877099999999999 
2263 0.0012702149999999999 
2264 0.0010585125 
2265 0.0008468099999999999 
2266 0.0006821525 
2267 0.0006821525 
2268 0.00056454 
2269 0.00056454 
2270 0.0006351074999999998 
2271 0.0012702149999999999 
2272 0.0015995299999999998 
2273 0.0015524849999999997 
2274 0.0020229349999999996 
2275 0.003034402499999999 
2276 0.0031520149999999993 
2277 0.004445752499999999 
2278 0.0049162024999999995 
2279 0.006492209999999999 
2280 0.008044694999999998 
2281 0.009997062499999997 
2282 0.012067042499999998 
2283 0.014137022499999999 
2284 0.018018234999999997 
2285 0.023851814999999995 
2286 0.0210055925 
2287 0.020723322500000002 
2288 0.025239642499999996 
2289 0.0211467275 
2290 0.018582774999999996 
2291 0.014231112499999999 
2292 0.0111731875 
2293 0.0072684525 
2294 0.008797415 
2295 0.011972952499999998 
2296 0.010843872499999999 
2297 0.008891504999999997 
2298 0.0072214075 
2299 0.0049162024999999995 
2300 0.0036930324999999995 
2301 0.0027521324999999998 
2302 0.0015524849999999997 
2303 0.0013878274999999999 
2304 0.0006351074999999998 
2305 0.0011761249999999999 
2306 0.0020229349999999996 
2307 0.0024698624999999995 
2308 0.0036930324999999995 
2309 0.005033815 
2310 0.0075507225 
2311 0.010585124999999999 
2312 0.013125554999999999 
2313 0.0170538125 
2314 0.0179006225 
2315 0.014583949999999998 
2316 0.014536904999999998 
2317 0.0102322875 
2318 0.010114674999999998 
2319 0.006821524999999999 
2320 0.004939724999999999 
2321 0.0034342849999999996 
2322 0.0023287275 
2323 0.0013407825 
2324 0.0008703324999999999 
2325 0.0015289624999999998 
2326 0.0020935024999999994 
2327 0.0020935024999999994 
2328 0.0016230524999999998 
2329 0.0008232874999999999 
2330 0.0008232874999999999 
2331 0.0012702149999999999 
2332 0.0019523674999999997 
2333 0.0025639524999999997 
2334 0.0038812125 
2335 0.0054807425 
2336 0.008232874999999999 
2337 0.009997062499999999 
2338 0.013478392499999998 
2339 0.016983245 
2340 0.016959722499999996 
2341 0.013666572499999998 
2342 0.01006763 
2343 0.007621289999999999 
2344 0.005551309999999999 
2345 0.003998824999999999 
2346 0.00272861 
2347 0.00272861 
2348 0.0019053224999999998 
2349 0.0031284925 
2350 0.0038106449999999997 
2351 0.004728022499999999 
2352 0.006492209999999999 
2353 0.007009705 
2354 0.008867982499999998 
2355 0.008209352499999998 
2356 0.010585124999999999 
2357 0.0127256725 
2358 0.0177594875 
2359 0.021146727499999993 
2360 0.025545435 
2361 0.028979719999999997 
2362 0.027497802499999995 
2363 0.027615414999999997 
2364 0.0367656675 
2365 0.033637175 
2366 0.029638349999999997 
2367 0.041634825 
2368 0.040576312499999996 
2369 0.0334254725 
2370 0.026650992499999998 
2371 0.019594242499999998 
2372 0.018582775 
2373 0.018488684999999998 
2374 0.011149664999999998 
2375 0.008609235 
2376 0.006727434999999999 
2377 0.004187004999999999 
2378 0.004398707499999999 
2379 0.005386652499999999 
2380 0.00310497 
2381 0.0019288449999999998 
2382 0.0026580424999999995 
2383 0.002493385 
2384 0.0033166725 
2385 0.005386652499999999 
2386 0.006962659999999999 
2387 0.0092913875 
2388 0.0121611325 
2389 0.0158306425 
2390 0.019147314999999998 
2391 0.019335494999999998 
2392 0.0238282925 
2393 0.022346374999999995 
2394 0.018888567499999995 
2395 0.024204652499999996 
2396 0.023569544999999997 
2397 0.016089389999999995 
2398 0.015571894999999999 
2399 0.016583362499999997 
2400 0.015618939999999998 
2401 0.01590121 
2402 0.014983832499999999 
2403 0.014536904999999998 
2404 0.0115025025 
2405 0.009150252499999997 
2406 0.007550722499999999 
2407 0.004775067499999999 
2408 0.0036459874999999996 
2409 0.0024933849999999994 
2410 0.0019758899999999997 
2411 0.0011526025 
2412 0.0006115849999999999 
2413 0.000329315 
2414 0.00039988249999999996 
2415 0.0004939724999999999 
2416 0.0008938549999999999 
2417 0.0012702149999999999 
2418 0.0015289625 
2419 0.0025169075 
2420 0.002869745 
2421 0.003716555 
2422 0.00526904 
2423 0.008021172499999998 
2424 0.009079684999999999 
2425 0.011431934999999999 
2426 0.011149665 
2427 0.013878274999999997 
2428 0.013407824999999996 
2429 0.014231112499999999 
2430 0.014137022499999999 
2431 0.010749782499999999 
2432 0.008021172499999998 
2433 0.008091739999999998 
2434 0.006492209999999999 
2435 0.004398707499999999 
2436 0.0034342849999999996 
2437 0.0039047349999999995 
2438 0.0029638349999999997 
2439 0.0029638349999999997 
2440 0.0032225824999999996 
2441 0.0025169075 
2442 0.0034342849999999996 
2443 0.0029638349999999997 
2444 0.0017406649999999997 
2445 0.0020935025 
2446 0.0013407825 
2447 0.0011526025 
2448 0.0007056749999999999 
2449 0.0006115849999999999 
2450 0.000329315 
2451 0.0006351074999999998 
2452 0.0008938549999999998 
2453 0.0019523674999999995 
2454 0.0029403124999999994 
2455 0.004845635 
2456 0.005880625 
2457 0.007762425 
2458 0.0115495475 
2459 0.014442814999999998 
2460 0.017594829999999995 
2461 0.023828292499999997 
2462 0.024698624999999995 
2463 0.030908565000000002 
2464 0.030414592500000004 
2465 0.033919444999999986 
2466 0.041658347500000005 
2467 0.04542194749999999 
2468 0.04753897249999999 
2469 0.037494864999999995 
2470 0.041634825 
2471 0.0411408525 
2472 0.037283162499999994 
2473 0.033919444999999986 
2474 0.028368135 
2475 0.028368135 
2476 0.023781247499999995 
2477 0.01928845 
2478 0.015760075000000002 
2479 0.013407824999999996 
2480 0.010773304999999999 
2481 0.008021172499999998 
2482 0.006233462499999999 
2483 0.004092914999999999 
2484 0.003034402499999999 
2485 0.0020935024999999994 
2486 0.0011761249999999999 
2487 0.0008938549999999998 
2488 0.00039988249999999996 
2489 0.0006821525 
2490 0.0007056749999999999 
2491 0.0007762425 
2492 0.0008938549999999999 
2493 0.00131726 
2494 0.0015289625 
2495 0.0017877099999999999 
2496 0.0020935024999999994 
2497 0.0023992949999999996 
2498 0.002869745 
2499 0.0025169075 
2500 0.002869745 
2501 0.0020935024999999994 
2502 0.002305205 
2503 0.0019758899999999997 
2504 0.001458395 
2505 0.0013407825 
2506 0.0012466925 
2507 0.0009408999999999999 
2508 0.0009408999999999999 
2509 0.0012702149999999999 
2510 0.0009408999999999999 
2511 0.0009408999999999999 
2512 0.0009644224999999999 
2513 0.0009644224999999999 
2514 0.0007056749999999999 
2515 0.0007056749999999999 
2516 0.0007762425 
2517 0.0007762425 
2518 0.00056454 
2519 0.00056454 
2520 0.0006821525 
2521 0.0008938549999999999 
2522 0.0011526025 
2523 0.0007762425 
2524 0.0007762425 
2525 0.0007762425 
2526 0.0007056749999999999 
2527 0.0007056749999999999 
2528 0.0004939724999999999 
2529 0.0004939724999999999 
2530 0.0004939724999999999 
2531 0.0004939724999999999 
2532 0.0004939724999999999 
2533 0.00042340499999999996 
2534 0.00039988249999999996 
2535 0.00039988249999999996 
2536 0.00039988249999999996 
2537 0.00023522499999999998 
2538 0.00021170249999999998 
2539 0.00021170249999999998 
2540 9.408999999999999e-5 
2541 4.7044999999999994e-5 
2542 4.7044999999999994e-5 
2543 0.00011761249999999999 
2544 0.00011761249999999999 
2545 0.00023522499999999998 
2546 0.0003057925 
2547 0.0003057925 
2548 0.0004939724999999999 
2549 0.00044692749999999997 
2550 0.000611585 
2551 0.0006821525 
2552 0.0008468099999999999 
2553 0.0009644224999999999 
2554 0.0010114675 
2555 0.0011761249999999999 
2556 0.0011761249999999999 
2557 0.0013407824999999997 
2558 0.0011761249999999999 
2559 0.00159953 
2560 0.0019053224999999998 
2561 0.0023287275 
2562 0.002681565 
2563 0.0023287275 
2564 0.0023287275 
2565 0.002681565 
2566 0.0023287275 
2567 0.002681565 
2568 0.0024698625 
2569 0.002117025 
2570 0.002117025 
2571 0.001646575 
2572 0.0013878274999999999 
2573 0.0012702149999999999 
2574 0.0008468099999999999 
2575 0.0007762424999999999 
2576 0.000611585 
2577 0.0006821525 
2578 0.000517495 
2579 0.000517495 
2580 0.000517495 
2581 0.000517495 
2582 0.000517495 
2583 0.0006821525 
2584 0.0008468099999999999 
2585 0.0008468099999999999 
2586 0.0006821525 
2587 0.0006821525 
2588 0.0010585125 
2589 0.0015289625 
2590 0.0012702149999999999 
2591 0.0015289625 
2592 0.0012702149999999999 
2593 0.0008468099999999999 
2594 0.0008468099999999999 
2595 0.0006821525 
2596 0.0006821525 
2597 0.0006821525 
2598 0.0003998825 
2599 0.0004939724999999999 
2600 0.0006821525 
2601 0.0003998825 
2602 0.0003998825 
2603 0.0003998825 
2604 0.0003998825 
2605 0.00021170249999999998 
2606 0.00028226999999999994 
2607 0.00039988249999999996 
2608 0.000517495 
2609 0.000611585 
2610 0.0008468099999999999 
2611 0.0008468099999999999 
2612 0.0011761249999999999 
2613 0.0011761249999999999 
2614 0.00159953 
2615 0.00159953 
2616 0.002117025 
2617 0.002117025 
2618 0.0023757724999999997 
2619 0.0022111149999999996 
2620 0.0020935024999999994 
2621 0.0023992949999999996 
2622 0.0022111149999999996 
2623 0.0017877099999999999 
2624 0.0017877099999999999 
2625 0.0017877099999999999 
2626 0.0013878274999999999 
2627 0.0013878274999999999 
2628 0.0011761249999999999 
2629 0.0010585125 
2630 0.0015289625 
2631 0.001646575 
2632 0.0022111149999999996 
2633 0.0023757724999999997 
2634 0.0023757724999999997 
2635 0.0019053224999999998 
2636 0.0018112325 
2637 0.0023287275 
2638 0.0023287275 
2639 0.0018112325 
2640 0.00159953 
2641 0.0013407824999999997 
2642 0.0011290799999999998 
2643 0.0009644224999999999 
2644 0.0007997649999999999 
2645 0.0009644224999999999 
2646 0.0006351074999999999 
2647 0.0009644224999999999 
2648 0.0008468099999999999 
2649 0.0011761249999999999 
2650 0.0010585125 
2651 0.001646575 
2652 0.0015289625 
2653 0.0020935024999999994 
2654 0.0022111149999999996 
2655 0.002869745 
2656 0.002869745 
2657 0.0025639524999999997 
2658 0.00272861 
2659 0.0032696274999999995 
2660 0.0038812125 
2661 0.00423405 
2662 0.004728022499999999 
2663 0.0038812125 
2664 0.0034342849999999996 
2665 0.0036459874999999996 
2666 0.003340195 
2667 0.0029403125 
2668 0.0029403125 
2669 0.0029403125 
2670 0.0029403125 
2671 0.002681565 
2672 0.0029403125 
2673 0.0031284924999999994 
2674 0.0029638349999999997 
2675 0.0029638349999999997 
2676 0.0024698625 
2677 0.002117025 
2678 0.0019523674999999997 
2679 0.001646575 
2680 0.001646575 
2681 0.0019523674999999997 
2682 0.0023757724999999997 
2683 0.00272861 
2684 0.0031284924999999994 
2685 0.0034342849999999996 
2686 0.003716555 
2687 0.004210527499999999 
2688 0.0035989424999999997 
2689 0.0035989424999999997 
2690 0.004092914999999999 
2691 0.004092914999999999 
2692 0.004210527499999999 
2693 0.003716555 
2694 0.0038812125 
2695 0.0037871224999999997 
2696 0.0033401949999999994 
2697 0.0029403125 
2698 0.0030344024999999996 
2699 0.0039047349999999995 
2700 0.0039047349999999995 
2701 0.005010292499999999 
2702 0.005504264999999999 
2703 0.0047044999999999995 
2704 0.004657455 
2705 0.004657455 
2706 0.0043516625 
2707 0.0035989424999999997 
2708 0.0035989424999999997 
2709 0.003340195 
2710 0.0036459874999999996 
2711 0.0034342849999999996 
2712 0.0034342849999999996 
2713 0.0032696274999999995 
2714 0.0032696274999999995 
2715 0.0031520149999999993 
2716 0.003504852499999999 
2717 0.0031520149999999993 
2718 0.0027756549999999997 
2719 0.0023757724999999997 
2720 0.0027521324999999998 
2721 0.0027521324999999998 
2722 0.0027521324999999998 
2723 0.0025639524999999997 
2724 0.0022111149999999996 
2725 0.0019523674999999997 
2726 0.001646575 
2727 0.0011761249999999999 
2728 0.0011761249999999999 
2729 0.0007997649999999999 
2730 0.0009644224999999999 
2731 0.0007997649999999999 
2732 0.0006821525 
2733 0.000517495 
2734 0.00044692749999999997 
2735 0.00032931499999999995 
2736 0.00047044999999999997 
2737 0.00047044999999999997 
2738 0.0004939724999999999 
2739 0.000611585 
2740 0.000517495 
2741 0.00039988249999999996 
2742 0.00028226999999999994 
2743 0.00028226999999999994 
2744 0.00021170249999999998 
2745 0.00014113499999999997 
2746 0.00014113499999999997 
2747 9.408999999999999e-5 
2748 0.00014113499999999997 
2749 0.00014113499999999997 
2750 0.00021170249999999998 
2751 0.00028226999999999994 
2752 0.000329315 
2753 0.0002587475 
2754 0.00021170249999999998 
2755 0.00011761249999999999 
2756 4.7044999999999994e-5 
2757 4.7044999999999994e-5 
2758 0.00011761249999999999 
2759 0.00011761249999999999 
2760 0.0002587475 
2761 0.00014113499999999997 
2762 0.00014113499999999997 
2763 4.7044999999999994e-5 
2764 7.056749999999998e-5 
2765 4.7044999999999994e-5 
2766 0.00011761249999999999 
2767 0.000141135 
2768 0.00021170249999999998 
2769 0.00028226999999999994 
2770 0.00032931499999999995 
2771 0.00032931499999999995 
2772 0.000611585 
2773 0.00047044999999999997 
2774 0.0006821525 
2775 0.0007056749999999999 
2776 0.0007762424999999999 
2777 0.0007762424999999999 
2778 0.0007056749999999999 
2779 0.0004939724999999999 
2780 0.0004939724999999999 
2781 0.00023522499999999998 
2782 0.0002587475 
2783 9.408999999999999e-5 
2784 9.408999999999999e-5 
2785 9.408999999999999e-5 
2786 4.7044999999999994e-5 
2787 0.00011761249999999999 
2788 0.00011761249999999999 
2789 9.408999999999999e-5 
2790 0.00011761249999999999 
2791 0.00023522499999999998 
2792 0.00023522499999999998 
2793 0.0002587475 
2794 0.0002587475 
2795 0.00023522499999999998 
2796 0.00042340499999999996 
2797 0.00042340499999999996 
2798 0.0004939724999999999 
2799 0.00047044999999999997 
2800 0.00047044999999999997 
2801 0.00032931499999999995 
2802 0.0002587475 
2803 0.00014113499999999997 
2804 0.000141135 
2805 0.00011761249999999999 
2806 0.00021170249999999998 
2807 0.00023522499999999998 
2808 0.00023522499999999998 
2809 0.00023522499999999998 
2810 0.00039988249999999996 
2811 0.00047044999999999997 
2812 0.00047044999999999997 
2813 0.0006821525 
2814 0.0006821525 
2815 0.0009644224999999999 
2816 0.0009644224999999999 
2817 0.00103499 
2818 0.00103499 
2819 0.00103499 
2820 0.0013407825 
2821 0.0012702149999999999 
2822 0.0012702149999999999 
2823 0.0012702149999999999 
2824 0.0009408999999999999 
2825 0.0009408999999999999 
2826 0.0006821525 
2827 0.0007056749999999999 
2828 0.0007056749999999999 
2829 0.00042340499999999996 
2830 0.00042340499999999996 
2831 0.0004939724999999999 
2832 0.0004939724999999999 
2833 0.0007762425 
2834 0.0008938549999999999 
2835 0.0007056749999999999 
2836 0.0007056749999999999 
2837 0.00103499 
2838 0.001458395 
2839 0.001458395 
2840 0.0017406649999999997 
2841 0.0013878274999999999 
2842 0.0013878274999999999 
2843 0.0017406649999999997 
2844 0.001364305 
2845 0.0009408999999999999 
2846 0.0009408999999999999 
2847 0.0009408999999999999 
2848 0.0009408999999999999 
2849 0.0013878274999999999 
2850 0.001364305 
2851 0.0013878274999999999 
2852 0.0013878274999999999 
2853 0.0017406649999999997 
2854 0.0018112324999999998 
2855 0.0018112324999999998 
2856 0.001458395 
2857 0.001458395 
2858 0.00103499 
2859 0.00103499 
2860 0.0007762425 
2861 0.00056454 
2862 0.00056454 
2863 0.0004939724999999999 
2864 0.00056454 
2865 0.0007762425 
2866 0.0007056749999999999 
2867 0.0009644224999999999 
2868 0.0009644224999999999 
2869 0.0009644224999999999 
2870 0.00103499 
2871 0.00103499 
2872 0.00103499 
2873 0.0011526025 
2874 0.0010114675 
2875 0.0007762425 
2876 0.0007056749999999999 
2877 0.0004939724999999999 
2878 0.00047044999999999997 
2879 0.00047044999999999997 
2880 0.0006821525 
2881 0.00047044999999999997 
2882 0.0004939724999999999 
2883 0.00042340499999999996 
2884 0.0003998825 
2885 0.0003998825 
2886 0.00056454 
2887 0.0004939724999999999 
2888 0.0007056749999999999 
2889 0.0009408999999999999 
2890 0.0009408999999999999 
2891 0.0012466925 
2892 0.0013878274999999999 
2893 0.0013878274999999999 
2894 0.0018112324999999998 
2895 0.0019288449999999998 
2896 0.0022111149999999996 
2897 0.0022111149999999996 
2898 0.0025874749999999997 
2899 0.0025874749999999997 
2900 0.0030814474999999995 
2901 0.0030579249999999995 
2902 0.0025639524999999997 
2903 0.002117025 
2904 0.0017171424999999998 
2905 0.0017171424999999998 
2906 0.0017171424999999998 
2907 0.001364305 
2908 0.0009408999999999999 
2909 0.0009644224999999999 
2910 0.0007056749999999999 
2911 0.0007762425 
2912 0.00056454 
2913 0.00056454 
2914 0.0003998825 
2915 0.00021170249999999998 
2916 0.00021170249999999998 
2917 0.00021170249999999998 
2918 0.00032931499999999995 
2919 0.0003057925 
2920 0.00044692749999999997 
2921 0.00044692749999999997 
2922 0.000517495 
2923 0.000517495 
2924 0.0007997649999999999 
2925 0.0009644224999999999 
2926 0.0009644224999999999 
2927 0.0006351074999999999 
2928 0.000517495 
2929 0.0003998825 
2930 0.0003998825 
2931 0.000141135 
2932 0.000141135 
2933 0.000141135 
2934 0.00011761249999999999 
2935 4.7044999999999994e-5 
2936 4.7044999999999994e-5 
2937 4.7044999999999994e-5 
2938 4.7044999999999994e-5 
2939 2.3522499999999997e-5 
2940 9.408999999999999e-5 
2941 9.408999999999999e-5 
2942 9.408999999999999e-5 
2943 9.408999999999999e-5 
2944 9.408999999999999e-5 
2945 0.00023522499999999998 
2946 0.00023522499999999998 
2947 0.00023522499999999998 
2948 0.0002587475 
2949 0.00039988249999999996 
2950 0.00042340499999999996 
2951 0.00039988249999999996 
2952 0.00039988249999999996 
2953 0.00039988249999999996 
2954 0.00037635999999999995 
2955 0.0005880624999999999 
2956 0.0005880624999999999 
2957 0.0006115849999999999 
2958 0.0005880624999999999 
2959 0.0005880624999999999 
2960 0.0008468099999999999 
2961 0.0011526025 
2962 0.0008703324999999999 
2963 0.0009644224999999999 
2964 0.0009644224999999999 
2965 0.0006115849999999999 
2966 0.0006115849999999999 
2967 0.0007056749999999999 
2968 0.0006115849999999999 
2969 0.0006115849999999999 
2970 0.00042340499999999996 
2971 0.00039988249999999996 
2972 0.00042340499999999996 
2973 0.00042340499999999996 
2974 0.00039988249999999996 
2975 0.00039988249999999996 
2976 0.00039988249999999996 
2977 0.00039988249999999996 
2978 0.00039988249999999996 
2979 0.00039988249999999996 
2980 0.00039988249999999996 
2981 0.00039988249999999996 
2982 0.00023522499999999998 
2983 0.00023522499999999998 
2984 0.00039988249999999996 
2985 0.00023522499999999998 
2986 0.00023522499999999998 
2987 0.00023522499999999998 
2988 0.0002587475 
2989 0.0002587475 
2990 0.00023522499999999998 
2991 0.0002587475 
2992 0.0002587475 
2993 0.0002587475 
2994 0.0002587475 
2995 0.00032931499999999995 
2996 0.0003998825 
2997 0.0002587475 
2998 0.00032931499999999995 
2999 0.0003998825 
3000 0.0003998825 
3001 0.0003998825 
3002 0.0007997649999999999 
3003 0.0007997649999999999 
3004 0.0006821525 
3005 0.0006821525 
3006 0.0006821525 
3007 0.0006821525 
3008 0.0006821525 
3009 0.0006821525 
3010 0.0006821525 
3011 0.0003998825 
3012 0.0003998825 
3013 0.0003998825 
3014 0.00021170249999999998 
3015 0.00021170249999999998 
3016 0.00021170249999999998 
3017 0.0002587475 
3018 0.0002587475 
3019 0.00023522499999999998 
3020 0.00023522499999999998 
3021 0.00023522499999999998 
3022 0.00032931499999999995 
3023 0.00047044999999999997 
3024 0.00047044999999999997 
3025 0.0007997649999999999 
3026 0.0008232874999999999 
3027 0.0007056749999999999 
3028 0.0008232874999999999 
3029 0.0008232874999999999 
3030 0.00047044999999999997 
3031 0.00047044999999999997 
3032 0.00047044999999999997 
3033 0.0002587475 
3034 0.0002587475 
3035 0.00023522499999999998 
3036 0.00042340499999999996 
3037 0.0002587475 
3038 0.0002587475 
3039 0.0002587475 
3040 0.00047044999999999997 
3041 0.0003057925 
3042 0.0003057925 
3043 0.0003057925 
3044 0.0005880624999999999 
3045 0.0006115849999999999 
3046 0.00042340499999999996 
3047 0.0003057925 
3048 0.0006115849999999999 
3049 0.0006115849999999999 
3050 0.0007762424999999999 
3051 0.0007762424999999999 
3052 0.0007762424999999999 
3053 0.0010585125 
3054 0.0012702149999999999 
3055 0.0010585125 
3056 0.0012702149999999999 
3057 0.0009879449999999998 
3058 0.0009644224999999999 
3059 0.0009644224999999999 
3060 0.0009644224999999999 
3061 0.0007997649999999999 
3062 0.0007997649999999999 
3063 0.0007997649999999999 
3064 0.0007056749999999999 
3065 0.0006115849999999999 
3066 0.0006351074999999998 
3067 0.0007056749999999999 
3068 0.00039988249999999996 
3069 0.00039988249999999996 
3070 0.0006821525 
3071 0.0007056749999999999 
3072 0.0006115849999999999 
3073 0.0006115849999999999 
3074 0.00039988249999999996 
3075 0.00039988249999999996 
3076 0.00042340499999999996 
3077 0.00039988249999999996 
3078 0.00039988249999999996 
3079 0.00039988249999999996 
3080 0.0004939724999999999 
3081 0.0004939724999999999 
3082 0.00047044999999999997 
3083 0.00047044999999999997 
3084 0.00047044999999999997 
3085 0.0004939724999999999 
3086 0.0004939724999999999 
3087 0.0004939724999999999 
3088 0.0004939724999999999 
3089 0.0004939724999999999 
3090 0.00032931499999999995 
3091 0.0004939724999999999 
3092 0.00056454 
3093 0.0003998825 
3094 0.0003998825 
3095 0.0003998825 
3096 0.000517495 
3097 0.00028226999999999994 
3098 0.0003998825 
3099 0.000517495 
3100 0.000517495 
3101 0.0003998825 
3102 0.0003998825 
3103 0.00056454 
3104 0.000517495 
3105 0.0003998825 
3106 0.00056454 
3107 0.0007997649999999999 
3108 0.0007997649999999999 
3109 0.0007997649999999999 
3110 0.0007997649999999999 
3111 0.0007997649999999999 
3112 0.00056454 
3113 0.00056454 
3114 0.0003998825 
3115 0.000329315 
3116 0.00042340499999999996 
3117 0.000329315 
3118 0.0002587475 
3119 0.00042340499999999996 
3120 0.00042340499999999996 
3121 0.0002587475 
3122 0.00021170249999999998 
3123 0.00037635999999999995 
3124 0.00037635999999999995 
3125 0.00021170249999999998 
3126 0.00037635999999999995 
3127 0.00037635999999999995 
3128 0.00037635999999999995 
3129 0.00039988249999999996 
3130 0.00037635999999999995 
3131 0.00021170249999999998 
3132 0.00021170249999999998 
3133 0.0002587475 
3134 0.00021170249999999998 
3135 0.00021170249999999998 
3136 0.00011761249999999999 
3137 0.00011761249999999999 
3138 0.00011761249999999999 
3139 0.00011761249999999999 
3140 0.00011761249999999999 
3141 4.7044999999999994e-5 
3142 4.7044999999999994e-5 
3143 4.7044999999999994e-5 
3144 0.00011761249999999999 
3145 9.408999999999999e-5 
3146 2.3522499999999997e-5 
3147 9.408999999999999e-5 
3148 9.408999999999999e-5 
3149 0.00011761249999999999 
3150 0.00011761249999999999 
3151 0.00011761249999999999 
3152 0.00011761249999999999 
3153 0.000141135 
3154 0.00011761249999999999 
3155 0.0003057925 
3156 0.00021170249999999998 
3157 0.00021170249999999998 
3158 0.000329315 
3159 0.00021170249999999998 
3160 0.000141135 
3161 0.00011761249999999999 
3162 0.00021170249999999998 
3163 0.00011761249999999999 
3164 0.00011761249999999999 
3165 0.0003057925 
3166 0.00018817999999999998 
3167 0.00023522499999999998 
3168 0.00023522499999999998 
3169 0.0003057925 
3170 0.0003057925 
3171 0.00023522499999999998 
3172 0.0003057925 
3173 0.0003057925 
3174 0.00023522499999999998 
3175 0.00039988249999999996 
3176 0.00047044999999999997 
3177 0.0003057925 
3178 0.00039988249999999996 
3179 0.00047044999999999997 
3180 0.0004939724999999999 
3181 0.00039988249999999996 
3182 0.0006115849999999999 
3183 0.0007056749999999999 
3184 0.00039988249999999996 
3185 0.00039988249999999996 
3186 0.00037635999999999995 
3187 0.00037635999999999995 
3188 0.00037635999999999995 
3189 0.0005880624999999999 
3190 0.0005880624999999999 
3191 0.0006115849999999999 
3192 0.0008938549999999998 
3193 0.0008703324999999999 
3194 0.0011761249999999999 
3195 0.0008703324999999999 
3196 0.0008938549999999998 
3197 0.0011996474999999998 
3198 0.0012702149999999999 
3199 0.0012702149999999999 
3200 0.0010820349999999999 
3201 0.0012466925 
3202 0.0012466925 
3203 0.0009644224999999999 
3204 0.0009644224999999999 
3205 0.0009408999999999999 
3206 0.0006821525 
3207 0.0007056749999999999 
3208 0.0006115849999999999 
3209 0.0006115849999999999 
3210 0.0006115849999999999 
3211 0.00042340499999999996 
3212 0.00037635999999999995 
3213 0.00037635999999999995 
3214 0.00039988249999999996 
3215 0.00037635999999999995 
3216 0.00037635999999999995 
3217 0.00037635999999999995 
3218 0.00037635999999999995 
3219 0.00039988249999999996 
3220 0.00039988249999999996 
3221 0.00021170249999999998 
3222 0.00023522499999999998 
3223 0.00023522499999999998 
3224 0.00023522499999999998 
3225 0.00021170249999999998 
3226 0.00023522499999999998 
3227 0.00023522499999999998 
3228 0.00023522499999999998 
3229 0.00021170249999999998 
3230 0.00023522499999999998 
3231 0.00023522499999999998 
3232 0.00011761249999999999 
3233 9.408999999999999e-5 
3234 9.408999999999999e-5 
3235 0.00011761249999999999 
3236 0.000141135 
3237 9.408999999999999e-5 
3238 0.000141135 
3239 0.000141135 
3240 0.000141135 
3241 0.000141135 
3242 0.00021170249999999998 
3243 0.00021170249999999998 
3244 0.00021170249999999998 
3245 0.00021170249999999998 
3246 0.00021170249999999998 
3247 0.000329315 
3248 0.00021170249999999998 
3249 0.00021170249999999998 
3250 0.000329315 
3251 0.000329315 
3252 0.0002587475 
3253 0.0002587475 
3254 0.00021170249999999998 
3255 9.408999999999999e-5 
3256 9.408999999999999e-5 
3257 2.3522499999999997e-5 
3258 0.00011761249999999999 
3259 4.7044999999999994e-5 
3260 4.7044999999999994e-5 
3261 2.3522499999999997e-5 
3262 9.408999999999999e-5 
3263 9.408999999999999e-5 
3264 0.00011761249999999999 
3265 0.00011761249999999999 
3266 0.000141135 
3267 0.00021170249999999998 
3268 0.000141135 
3269 0.0002587475 
3270 0.00023522499999999998 
3271 0.00023522499999999998 
3272 0.00023522499999999998 
3273 0.0002587475 
3274 0.00023522499999999998 
3275 0.00023522499999999998 
3276 0.00023522499999999998 
3277 0.00011761249999999999 
3278 0.000141135 
3279 0.00011761249999999999 
3280 4.7044999999999994e-5 
3281 4.7044999999999994e-5 
3282 0.00011761249999999999 
3283 9.408999999999999e-5 
3284 0.00011761249999999999 
3285 0.000141135 
3286 7.056749999999998e-5 
3287 0.00014113499999999997 
3288 0.00028226999999999994 
3289 0.00028226999999999994 
3290 0.000517495 
3291 0.000517495 
3292 0.0007997649999999999 
3293 0.0006821525 
3294 0.0010585125 
3295 0.0008938549999999999 
3296 0.0011526025 
3297 0.00131726 
3298 0.0016230524999999998 
3299 0.0016230524999999998 
3300 0.0021875924999999997 
3301 0.0021875924999999997 
3302 0.0019758899999999997 
3303 0.0016230524999999998 
3304 0.0013878274999999999 
3305 0.0010820349999999999 
3306 0.0009644224999999999 
3307 0.0009408999999999999 
3308 0.0006821525 
3309 0.0007056749999999999 
3310 0.0007056749999999999 
3311 0.0008938549999999999 
3312 0.0006821525 
3313 0.0006821525 
3314 0.0006821525 
3315 0.0009644224999999999 
3316 0.0009644224999999999 
3317 0.0008938549999999999 
3318 0.0008938549999999999 
3319 0.0008938549999999999 
3320 0.0007056749999999999 
3321 0.0004939724999999999 
3322 0.00042340499999999996 
3323 0.0004939724999999999 
3324 0.0002587475 
3325 0.0002587475 
3326 0.0002587475 
3327 0.00042340499999999996 
3328 0.0004939724999999999 
3329 0.0007056749999999999 
3330 0.0009644224999999999 
3331 0.0010820349999999999 
3332 0.0013878274999999999 
3333 0.0013878274999999999 
3334 0.0012466925 
3335 0.0009408999999999999 
3336 0.0012702149999999999 
3337 0.0013878274999999999 
3338 0.0017406649999999997 
3339 0.0017406649999999997 
3340 0.0019758899999999997 
3341 0.0019758899999999997 
3342 0.0018347549999999998 
3343 0.0019523674999999997 
3344 0.0018347549999999998 
3345 0.00131726 
3346 0.0014348725 
3347 0.0011761249999999999 
3348 0.0014348725 
3349 0.0014348725 
3350 0.0014348725 
3351 0.00131726 
3352 0.0016230524999999998 
3353 0.0013878274999999999 
3354 0.0013878274999999999 
3355 0.0017406649999999997 
3356 0.0017171424999999998 
3357 0.002117025 
3358 0.002117025 
3359 0.002117025 
3360 0.002117025 
3361 0.0025639524999999997 
3362 0.0025639524999999997 
3363 0.002117025 
