1 0.019536185699999993 
2 0.014968974599999997 
3 0.012458204099999997 
4 0.010282202999999997 
5 0.007293190499999999 
6 0.005786728199999998 
7 0.004519386899999999 
8 0.005762816099999999 
9 0.004041144899999999 
10 0.003204221399999999 
11 0.003108572999999999 
12 0.0027020672999999995 
13 0.0018412316999999996 
14 0.0021281768999999993 
15 0.0027498914999999993 
16 0.0025346825999999992 
17 0.0029890124999999994 
18 0.0023672978999999994 
19 0.0028216277999999996 
20 0.0022477373999999994 
21 0.0018412316999999996 
22 0.0017694953999999998 
23 0.0014825501999999999 
24 0.0010999565999999998 
25 0.0010999565999999998 
26 0.0005978024999999999 
27 0.0007173629999999998 
28 0.0011716928999999999 
29 0.0020086163999999997 
30 0.002893364099999999 
31 0.0027977156999999995 
32 0.003204221399999999 
33 0.0053802224999999985 
34 0.0059302007999999995 
35 0.008369234999999997 
36 0.008943125399999998 
37 0.011716928999999997 
38 0.014873326199999997 
39 0.0168580305 
40 0.021903483599999996 
41 0.024940320299999996 
42 0.03168353249999999 
43 0.03773329379999999 
44 0.038522393099999996 
45 0.039454965 
46 0.038283272099999995 
47 0.03974191019999999 
48 0.03419430299999999 
49 0.027977156999999996 
50 0.027977156999999996 
51 0.026327222099999995 
52 0.020588318099999996 
53 0.024701199299999997 
54 0.019703570399999995 
55 0.015327656099999996 
56 0.014036402699999999 
57 0.010282202999999997 
58 0.0082257624 
59 0.006073673399999998 
60 0.003562902899999999 
61 0.0025585946999999993 
62 0.0015542864999999997 
63 0.0018651437999999997 
64 0.0036585512999999996 
65 0.004519386899999999 
66 0.006767124299999998 
67 0.009134422199999997 
68 0.013486424399999995 
69 0.0172645362 
70 0.022238253 
71 0.028431486899999997 
72 0.029674916099999997 
73 0.024175133099999996 
74 0.024055572599999995 
75 0.018292756499999997 
76 0.0173601846 
77 0.012553852499999995 
78 0.008727916499999997 
79 0.0066236516999999984 
80 0.0042563537999999995 
81 0.002630330999999999 
82 0.0031563971999999992 
83 0.003969408599999999 
84 0.0051889256999999986 
85 0.005069365199999999 
86 0.0042563537999999995 
87 0.002630330999999999 
88 0.0018412316999999996 
89 0.0021760010999999995 
90 0.003323781899999999 
91 0.0044476505999999985 
92 0.006599739599999999 
93 0.009253982699999998 
94 0.013271215499999996 
95 0.016762382099999997 
96 0.022381725599999992 
97 0.026925024599999996 
98 0.024438166199999993 
99 0.020205724499999998 
100 0.015016798799999998 
101 0.012649500899999996 
102 0.008560531799999996 
103 0.006814948499999999 
104 0.0044476505999999985 
105 0.004423738499999999 
106 0.0037541996999999995 
107 0.006145409699999998 
108 0.0066236516999999984 
109 0.008823564899999999 
110 0.013390775999999998 
111 0.014227699499999996 
112 0.0163080522 
113 0.015399392399999995 
114 0.019655746199999997 
115 0.021281769 
116 0.027738035999999994 
117 0.0316835325 
118 0.03840283259999999 
119 0.03782894219999999 
120 0.03476819339999999 
121 0.029101025699999998 
122 0.028598871599999996 
123 0.030368366999999997 
124 0.02386427579999999 
125 0.026996760899999996 
126 0.028598871599999996 
127 0.020994823799999996 
128 0.016188491699999998 
129 0.0166667337 
130 0.013964666399999996 
131 0.009206158499999997 
132 0.0093018069 
133 0.008177938199999998 
134 0.005882376599999999 
135 0.004638947399999999 
136 0.0032998697999999994 
137 0.0025107704999999996 
138 0.0017694953999999998 
139 0.0028694519999999993 
140 0.003491166599999999 
141 0.002917276199999999 
142 0.004638947399999999 
143 0.007580135699999999 
144 0.009780048899999998 
145 0.015040710899999995 
146 0.018053635499999998 
147 0.024414254099999998 
148 0.027738035999999994 
149 0.024318605699999992 
150 0.028837992599999997 
151 0.025944628499999994 
152 0.0305357517 
153 0.027498915 
154 0.02386427579999999 
155 0.026901112499999998 
156 0.030368366999999997 
157 0.03419430299999999 
158 0.035533380599999984 
159 0.0319465656 
160 0.025968540599999992 
161 0.024438166199999993 
162 0.0199426914 
163 0.014753765699999997 
164 0.012338643599999996 
165 0.008512707599999997 
166 0.005810640299999998 
167 0.0038737601999999996 
168 0.003323781899999999 
169 0.0017216711999999996 
170 0.0009803961 
171 0.00047824199999999987 
172 0.0003347693999999999 
173 0.0007173629999999998 
174 0.0010521323999999998 
175 0.0021760010999999995 
176 0.0022477373999999994 
177 0.0036824633999999997 
178 0.0044476505999999985 
179 0.006504091199999998 
180 0.008130113999999997 
181 0.013032094499999996 
182 0.0153515682 
183 0.019440537299999998 
184 0.020205724499999998 
185 0.023649066899999995 
186 0.0227882313 
187 0.0253946502 
188 0.023672978999999997 
189 0.017718866099999998 
190 0.013821193799999998 
191 0.012864709799999999 
192 0.010066994099999997 
193 0.0079866414 
194 0.005810640299999998 
195 0.005619343499999998 
196 0.004256353799999999 
197 0.004280265899999998 
198 0.0046389473999999984 
199 0.0040411449 
200 0.004806332099999999 
201 0.004208529599999999 
202 0.0025346825999999992 
203 0.0025346825999999992 
204 0.0017694953999999998 
205 0.0016021107 
206 0.0007890992999999998 
207 0.0009564839999999998 
208 0.0008369234999999999 
209 0.0018651437999999997 
210 0.0024868583999999995 
211 0.0044237385 
212 0.005595431399999998 
213 0.008727916499999998 
214 0.010951741799999998 
215 0.014968974599999995 
216 0.0191535921 
217 0.024509902499999993 
218 0.02938797089999999 
219 0.03589206209999999 
220 0.044141736599999995 
221 0.04775246369999999 
222 0.04048318529999999 
223 0.04342437359999998 
224 0.049163277599999985 
225 0.04928283809999998 
226 0.0472503096 
227 0.04086577889999999 
228 0.0356529411 
229 0.04124837249999999 
230 0.04679597969999999 
231 0.04007667959999999 
232 0.043161340499999985 
233 0.03876151409999999 
234 0.03589206209999999 
235 0.0315878841 
236 0.02895755309999999 
237 0.023386033799999997 
238 0.0188427348 
239 0.014371172099999998 
240 0.0105691482 
241 0.0077953445999999985 
242 0.005882376599999998 
243 0.003969408599999999 
244 0.0024390341999999997 
245 0.0018651437999999997 
246 0.0008608355999999998 
247 0.0010760444999999997 
248 0.0009086597999999999 
249 0.0014825501999999999 
250 0.0014108139 
251 0.0021520889999999994 
252 0.0026303309999999996 
253 0.0027020672999999995 
254 0.003204221399999999 
255 0.003491166599999999 
256 0.0040411449 
257 0.003491166599999999 
258 0.0037541996999999995 
259 0.003132485099999999 
260 0.0036585512999999996 
261 0.003132485099999999 
262 0.0021760010999999995 
263 0.0017216711999999996 
264 0.0016499348999999997 
265 0.0011716928999999999 
266 0.0012912533999999997 
267 0.0024390341999999997 
268 0.0017694953999999998 
269 0.0012912534 
270 0.0014825501999999999 
271 0.0016021107 
272 0.0011716928999999999 
273 0.0010999565999999998 
274 0.0014108139 
275 0.0010999565999999998 
276 0.0008130113999999999 
277 0.0010760445 
278 0.0010999565999999998 
279 0.0013869018 
280 0.0017455832999999997 
281 0.0017455832999999997 
282 0.0017455832999999997 
283 0.0013869018 
284 0.0014108139 
285 0.0010999565999999998 
286 0.0009803961 
287 0.0008369234999999998 
288 0.0007173629999999998 
289 0.0008369234999999998 
290 0.0009086597999999999 
291 0.0007173629999999998 
292 0.0007890992999999998 
293 0.0004304177999999999 
294 0.0005021540999999999 
295 0.0004304177999999999 
296 0.00021520889999999997 
297 0.00023912099999999996 
298 0.00011956049999999997 
299 7.173629999999999e-5 
300 0.00014347259999999997 
301 0.00023912099999999996 
302 0.00026303309999999995 
303 0.0005021540999999999 
304 0.0007890992999999998 
305 0.0007890992999999998 
306 0.0009086597999999999 
307 0.0010282203 
308 0.0011956049999999998 
309 0.0009803960999999997 
310 0.0014108138999999998 
311 0.0018412316999999996 
312 0.0016260227999999996 
313 0.0016260227999999996 
314 0.0023672979 
315 0.0021520889999999994 
316 0.0019368800999999996 
317 0.0027259793999999996 
318 0.0027259793999999996 
319 0.003395518199999999 
320 0.003395518199999999 
321 0.003395518199999999 
322 0.003658551299999999 
323 0.0038498480999999995 
324 0.0038498480999999995 
325 0.0038498480999999995 
326 0.003969408599999999 
327 0.0029890124999999994 
328 0.0032520455999999996 
329 0.0023672979 
330 0.0023194736999999997 
331 0.0017934074999999996 
332 0.0015781985999999996 
333 0.0013629896999999996 
334 0.0010282203 
335 0.0011956049999999998 
336 0.0008608355999999998 
337 0.0008608355999999998 
338 0.0009086597999999999 
339 0.0009086597999999999 
340 0.0009086597999999999 
341 0.0011716928999999999 
342 0.0011716928999999999 
343 0.0010521323999999998 
344 0.0007890992999999998 
345 0.0012912534 
346 0.0014586380999999998 
347 0.0019607921999999995 
348 0.0019607921999999995 
349 0.0023672978999999994 
350 0.0018412316999999996 
351 0.0013629896999999998 
352 0.0013629896999999998 
353 0.0009803961 
354 0.0009803961 
355 0.0009803961 
356 0.0007173629999999998 
357 0.0006456266999999999 
358 0.0009803961 
359 0.0007173629999999998 
360 0.0007173629999999998 
361 0.0007173629999999998 
362 0.0005021540999999999 
363 0.0005021540999999999 
364 0.0006217145999999999 
365 0.0006934508999999998 
366 0.0008608355999999998 
367 0.0010282203 
368 0.0011956049999999998 
369 0.0014108138999999998 
370 0.0018412316999999996 
371 0.0018412316999999996 
372 0.0021520889999999994 
373 0.0027259793999999996 
374 0.003132485099999999 
375 0.0033716060999999992 
376 0.0033716060999999992 
377 0.003706375499999999 
378 0.003586814999999999 
379 0.0039215844 
380 0.003491166599999999 
381 0.0029890124999999994 
382 0.0027020672999999995 
383 0.0027020672999999995 
384 0.0023672978999999994 
385 0.0022477373999999994 
386 0.0018412316999999996 
387 0.0021281768999999993 
388 0.0025825067999999994 
389 0.003204221399999999 
390 0.003323781899999999 
391 0.0036585512999999987 
392 0.0036585512999999987 
393 0.0028216277999999996 
394 0.0031563971999999992 
395 0.0033716060999999992 
396 0.0035868149999999993 
397 0.002917276199999999 
398 0.002702067299999999 
399 0.0021281768999999997 
400 0.0017694953999999998 
401 0.0014825501999999999 
402 0.0010999565999999998 
403 0.0011716928999999999 
404 0.0011716928999999999 
405 0.0011716928999999999 
406 0.0011716928999999999 
407 0.0019607921999999995 
408 0.0019607921999999995 
409 0.0025346825999999992 
410 0.0025346825999999992 
411 0.0032042213999999994 
412 0.0033716060999999992 
413 0.003969408599999998 
414 0.003969408599999998 
415 0.0041367932999999985 
416 0.0044476505999999985 
417 0.0049976288999999995 
418 0.005954112899999998 
419 0.006599739599999999 
420 0.007006245299999998 
421 0.005954112899999998 
422 0.0052128378 
423 0.005571519299999999 
424 0.004662859499999998 
425 0.004662859499999998 
426 0.004662859499999998 
427 0.004352002199999998 
428 0.004352002199999998 
429 0.004352002199999998 
430 0.004662859499999998 
431 0.0038498480999999995 
432 0.004160705399999999 
433 0.003132485099999999 
434 0.003395518199999999 
435 0.003706375499999999 
436 0.0027259793999999996 
437 0.0025107704999999996 
438 0.0023672979 
439 0.0029890124999999994 
440 0.003658551299999999 
441 0.003969408599999999 
442 0.004328090099999999 
443 0.005188925699999999 
444 0.0060019370999999985 
445 0.006551915399999999 
446 0.006145409699999999 
447 0.005093277299999999 
448 0.004782419999999999 
449 0.005595431399999999 
450 0.0060019370999999985 
451 0.005188925699999999 
452 0.005188925699999999 
453 0.005643255599999999 
454 0.006145409699999998 
455 0.006647563799999998 
456 0.007197542099999999 
457 0.007747520399999999 
458 0.008680092299999997 
459 0.008943125399999998 
460 0.008727916499999998 
461 0.007675784099999999 
462 0.008656180199999997 
463 0.008154026099999998 
464 0.006575827499999997 
465 0.005571519299999999 
466 0.005571519299999999 
467 0.0052128378 
468 0.0052128378 
469 0.0049976288999999995 
470 0.005595431399999999 
471 0.004830244199999999 
472 0.005428046699999999 
473 0.005428046699999999 
474 0.0053084861999999995 
475 0.0053084861999999995 
476 0.004638947399999999 
477 0.0037781117999999988 
478 0.0041367933 
479 0.0043998264 
480 0.0043998264 
481 0.003969408599999998 
482 0.0032042213999999994 
483 0.002917276199999999 
484 0.002702067299999999 
485 0.0022955615999999996 
486 0.0017694953999999998 
487 0.0014586380999999998 
488 0.0014586380999999998 
489 0.0010760444999999997 
490 0.0008608355999999998 
491 0.0008608355999999998 
492 0.0006934508999999998 
493 0.0006934508999999998 
494 0.0005738903999999999 
495 0.0009086597999999999 
496 0.0009086597999999999 
497 0.0010282203 
498 0.0009803960999999997 
499 0.0006934508999999998 
500 0.0006934508999999998 
501 0.0006217145999999999 
502 0.00045432989999999993 
503 0.0003347693999999999 
504 0.00026303309999999995 
505 0.00023912099999999996 
506 0.00021520889999999997 
507 0.00026303309999999995 
508 0.00026303309999999995 
509 0.0003347693999999999 
510 0.00040650569999999995 
511 0.00028694519999999994 
512 0.00026303309999999995 
513 0.00011956049999999997 
514 0.00014347259999999997 
515 0.00014347259999999997 
516 0.00019129679999999995 
517 0.00023912099999999996 
518 0.0003347693999999999 
519 0.00045432989999999993 
520 0.00031085729999999993 
521 0.00021520889999999994 
522 7.173629999999999e-5 
523 0.00011956049999999997 
524 0.00019129679999999995 
525 0.00021520889999999994 
526 0.00026303309999999995 
527 0.0005021540999999999 
528 0.0007173629999999998 
529 0.0007173629999999998 
530 0.0010760445 
531 0.0009564839999999998 
532 0.0009803961 
533 0.0009803961 
534 0.0013869018 
535 0.0013869018 
536 0.0010999565999999998 
537 0.0007173629999999998 
538 0.0007173629999999998 
539 0.0004304177999999999 
540 0.0004065056999999999 
541 0.00023912099999999996 
542 0.00011956049999999997 
543 0.00014347259999999997 
544 7.173629999999999e-5 
545 0.00021520889999999994 
546 0.00014347259999999997 
547 0.00011956049999999997 
548 0.00023912099999999996 
549 0.0003825935999999999 
550 0.0004065056999999999 
551 0.0006217145999999999 
552 0.0006217145999999999 
553 0.0007173629999999998 
554 0.0006934508999999998 
555 0.0009803961 
556 0.0009803961 
557 0.0009086597999999999 
558 0.0006456266999999999 
559 0.0004065056999999999 
560 0.0004304177999999999 
561 0.00026303309999999995 
562 0.00021520889999999994 
563 0.00014347259999999997 
564 0.00026303309999999995 
565 0.00031085729999999993 
566 0.0005021540999999999 
567 0.0005021540999999999 
568 0.0005738903999999999 
569 0.0007890992999999998 
570 0.0007890992999999998 
571 0.0011716928999999999 
572 0.0011716928999999999 
573 0.0014825501999999999 
574 0.0018412316999999996 
575 0.0017694953999999998 
576 0.0021760010999999995 
577 0.0021760010999999995 
578 0.0025825067999999994 
579 0.0021281768999999993 
580 0.0022477373999999994 
581 0.0018412316999999996 
582 0.0014825501999999999 
583 0.0016021107 
584 0.0012912534 
585 0.0009086597999999999 
586 0.0009086597999999999 
587 0.0006934508999999998 
588 0.00045432989999999993 
589 0.0006217145999999999 
590 0.0009086597999999999 
591 0.0013390775999999997 
592 0.0013390775999999997 
593 0.0007890992999999998 
594 0.0010760444999999997 
595 0.0014586380999999998 
596 0.0016738469999999998 
597 0.0019368800999999998 
598 0.0025585946999999998 
599 0.0025585946999999998 
600 0.0023433857999999998 
601 0.003012924599999999 
602 0.0039454964999999995 
603 0.0038737601999999987 
604 0.0046867715999999995 
605 0.005021540999999999 
606 0.0038737601999999987 
607 0.0044237385 
608 0.0041367932999999985 
609 0.003180309299999999 
610 0.003012924599999999 
611 0.0029172761999999995 
612 0.0029172761999999995 
613 0.0022477374 
614 0.0025585946999999998 
615 0.0022477374 
616 0.0019368800999999998 
617 0.0016738469999999998 
618 0.0013390775999999997 
619 0.0009086597999999999 
620 0.0006934508999999998 
621 0.0005260661999999999 
622 0.0008608355999999998 
623 0.0010760444999999997 
624 0.0010760444999999997 
625 0.0016738469999999998 
626 0.0019847042999999996 
627 0.0019847042999999996 
628 0.0022477374 
629 0.0019368800999999998 
630 0.0019368800999999998 
631 0.0016738469999999998 
632 0.0016738469999999998 
633 0.0009803960999999997 
634 0.0010282203 
635 0.0007890992999999998 
636 0.0007890992999999998 
637 0.0010521323999999998 
638 0.0010521323999999998 
639 0.0007890992999999998 
640 0.0006934508999999998 
641 0.0005260661999999999 
642 0.0005260661999999999 
643 0.0005260661999999999 
644 0.0008608355999999998 
645 0.0009086597999999999 
646 0.0011716928999999999 
647 0.0014825501999999999 
648 0.0019607921999999995 
649 0.0021281768999999993 
650 0.0027498914999999993 
651 0.003012924599999999 
652 0.0026064188999999995 
653 0.0021281768999999993 
654 0.0027498914999999993 
655 0.003491166599999999 
656 0.0042563537999999995 
657 0.005428046699999999 
658 0.0071258057999999975 
659 0.005667167699999999 
660 0.005428046699999999 
661 0.004160705399999999 
662 0.0034672544999999996 
663 0.0032042213999999994 
664 0.0025346825999999992 
665 0.0021281768999999993 
666 0.0017694953999999998 
667 0.0017694953999999998 
668 0.0014586380999999998 
669 0.0014108138999999998 
670 0.0009803960999999997 
671 0.0008130113999999999 
672 0.0006456266999999999 
673 0.00040650569999999995 
674 0.00028694519999999994 
675 0.0003347693999999999 
676 0.00047824199999999987 
677 0.0003347693999999999 
678 0.0005738903999999999 
679 0.0003347693999999999 
680 0.0006217145999999999 
681 0.0007890992999999998 
682 0.0010043081999999998 
683 0.0010043081999999998 
684 0.0010043081999999998 
685 0.0008369234999999998 
686 0.0005978024999999999 
687 0.00043041779999999994 
688 0.00031085729999999993 
689 0.0003347693999999999 
690 0.0003347693999999999 
691 0.00014347259999999997 
692 7.173629999999999e-5 
693 0.00014347259999999997 
694 9.564839999999998e-5 
695 0.00011956049999999997 
696 0.00011956049999999997 
697 0.00011956049999999997 
698 0.00011956049999999997 
699 0.00011956049999999997 
700 0.00019129679999999995 
701 0.00031085729999999993 
702 0.00031085729999999993 
703 0.0003347693999999999 
704 0.0003347693999999999 
705 0.00045432989999999993 
706 0.00043041779999999994 
707 0.0006217145999999999 
708 0.0005978024999999999 
709 0.0005021540999999999 
710 0.0005978024999999999 
711 0.0008130113999999999 
712 0.0008130113999999999 
713 0.0008130113999999999 
714 0.0010760445 
715 0.0008369234999999999 
716 0.0008369234999999999 
717 0.0010999566 
718 0.0012673412999999998 
719 0.0015781985999999998 
720 0.0014108139 
721 0.0012912534 
722 0.0013629896999999998 
723 0.0009803961 
724 0.0009803961 
725 0.0009803961 
726 0.0009086597999999999 
727 0.0006934508999999998 
728 0.0006217145999999999 
729 0.0006217145999999999 
730 0.0006934508999999998 
731 0.0004065056999999999 
732 0.00047824199999999987 
733 0.00047824199999999987 
734 0.00047824199999999987 
735 0.00047824199999999987 
736 0.0005021540999999999 
737 0.00047824199999999987 
738 0.0005021540999999999 
739 0.0005021540999999999 
740 0.0005021540999999999 
741 0.0005021540999999999 
742 0.0005021540999999999 
743 0.0005021540999999999 
744 0.0005021540999999999 
745 0.0005021540999999999 
746 0.0005021540999999999 
747 0.0004304177999999999 
748 0.0005021540999999999 
749 0.0005021540999999999 
750 0.0004304177999999999 
751 0.0004304177999999999 
752 0.0005021540999999999 
753 0.0007173629999999998 
754 0.0005021540999999999 
755 0.0004304177999999999 
756 0.0007173629999999998 
757 0.0007173629999999998 
758 0.0006934508999999998 
759 0.0009564839999999998 
760 0.0010760445 
761 0.0010760445 
762 0.0010999565999999998 
763 0.0010999565999999998 
764 0.0010999565999999998 
765 0.0010999565999999998 
766 0.0010999565999999998 
767 0.0011716928999999999 
768 0.0010999565999999998 
769 0.0007173629999999998 
770 0.0006934508999999998 
771 0.0006934508999999998 
772 0.00047824199999999987 
773 0.0004065056999999999 
774 0.0004065056999999999 
775 0.0004304177999999999 
776 0.0004304177999999999 
777 0.0005738903999999999 
778 0.0005021540999999999 
779 0.0005021540999999999 
780 0.0007890992999999998 
781 0.0009086597999999999 
782 0.0010282203 
783 0.0014586380999999998 
784 0.0011956049999999998 
785 0.0011956049999999998 
786 0.0014108138999999998 
787 0.0011956049999999998 
788 0.0010282203 
789 0.0009086597999999999 
790 0.0006934508999999998 
791 0.0006217145999999999 
792 0.00045432989999999993 
793 0.0006217145999999999 
794 0.0006217145999999999 
795 0.0006217145999999999 
796 0.0006217145999999999 
797 0.0006217145999999999 
798 0.0008369234999999999 
799 0.0006934508999999998 
800 0.0006934508999999998 
801 0.0006934508999999998 
802 0.0006934508999999998 
803 0.0007173629999999998 
804 0.0008369234999999999 
805 0.0010999566 
806 0.0014825501999999999 
807 0.0014825501999999999 
808 0.0014825501999999999 
809 0.0019607921999999995 
810 0.0029890124999999994 
811 0.0031563971999999992 
812 0.0031563971999999992 
813 0.0036585512999999987 
814 0.0038737601999999987 
815 0.004352002199999998 
816 0.0038498480999999995 
817 0.0036346391999999995 
818 0.003180309299999999 
819 0.003491166599999999 
820 0.0030846608999999994 
821 0.0022477374 
822 0.0023433857999999998 
823 0.0015542864999999997 
824 0.0012195170999999999 
825 0.0012195170999999999 
826 0.0010043081999999998 
827 0.0007890992999999998 
828 0.0010043081999999998 
829 0.0012195170999999999 
830 0.0010043081999999998 
831 0.0009803960999999997 
832 0.0005978024999999999 
833 0.0005978024999999999 
834 0.0005978024999999999 
835 0.0006217145999999999 
836 0.0006217145999999999 
837 0.0005021540999999999 
838 0.0005738903999999999 
839 0.0007890992999999998 
840 0.0009086597999999999 
841 0.0006934508999999998 
842 0.0010282203 
843 0.0009086597999999999 
844 0.0007890992999999998 
845 0.0007890992999999998 
846 0.0009086597999999999 
847 0.0007173629999999998 
848 0.0007173629999999998 
849 0.0007890992999999998 
850 0.0008369234999999998 
851 0.0007173629999999998 
852 0.0007173629999999998 
853 0.0007173629999999998 
854 0.0006934508999999998 
855 0.0006934508999999998 
856 0.0006934508999999998 
857 0.0006934508999999998 
858 0.0007173629999999998 
859 0.0007173629999999998 
860 0.0007890992999999998 
861 0.0007890992999999998 
862 0.0010999565999999998 
863 0.0007173629999999998 
864 0.0009086597999999999 
865 0.0011716928999999999 
866 0.0011716928999999999 
867 0.0010999565999999998 
868 0.0011716928999999999 
869 0.0011716928999999999 
870 0.0009086597999999999 
871 0.0007890992999999998 
872 0.0007173629999999998 
873 0.0005021540999999999 
874 0.0007890992999999998 
875 0.0005738903999999999 
876 0.0005021540999999999 
877 0.0006217145999999999 
878 0.0006217145999999999 
879 0.0005021540999999999 
880 0.00043041779999999994 
881 0.00043041779999999994 
882 0.00043041779999999994 
883 0.00043041779999999994 
884 0.0005978024999999999 
885 0.00043041779999999994 
886 0.0005978024999999999 
887 0.00043041779999999994 
888 0.00043041779999999994 
889 0.00043041779999999994 
890 0.00031085729999999993 
891 0.0003347693999999999 
892 0.00031085729999999993 
893 0.00031085729999999993 
894 0.00023912099999999996 
895 0.00023912099999999996 
896 9.564839999999998e-5 
897 0.00023912099999999996 
898 0.00023912099999999996 
899 0.00023912099999999996 
900 9.564839999999998e-5 
901 0.00023912099999999996 
902 0.00023912099999999996 
903 0.00019129679999999995 
904 0.00011956049999999997 
905 0.00031085729999999993 
906 0.00031085729999999993 
907 0.00019129679999999995 
908 0.00019129679999999995 
909 0.00031085729999999993 
910 0.00031085729999999993 
911 0.0003347693999999999 
912 0.00031085729999999993 
913 0.00047824199999999987 
914 0.0004065056999999999 
915 0.0004304177999999999 
916 0.0006456266999999999 
917 0.0004304177999999999 
918 0.00026303309999999995 
919 0.00031085729999999993 
920 0.0004304177999999999 
921 0.0003347693999999999 
922 0.00031085729999999993 
923 0.00047824199999999987 
924 0.0004304177999999999 
925 0.00031085729999999993 
926 0.00047824199999999987 
927 0.0005021540999999999 
928 0.0005021540999999999 
929 0.00031085729999999993 
930 0.0005021540999999999 
931 0.0005021540999999999 
932 0.0003347693999999999 
933 0.0006217145999999999 
934 0.0006217145999999999 
935 0.0006217145999999999 
936 0.00045432989999999993 
937 0.0006217145999999999 
938 0.0006217145999999999 
939 0.0006217145999999999 
940 0.0007890992999999998 
941 0.0007890992999999998 
942 0.00045432989999999993 
943 0.0006217145999999999 
944 0.00047824199999999987 
945 0.00047824199999999987 
946 0.00047824199999999987 
947 0.0007173629999999998 
948 0.0008369234999999999 
949 0.0008369234999999999 
950 0.0010043081999999998 
951 0.0010999566 
952 0.0016499348999999997 
953 0.0016499348999999997 
954 0.0013629896999999998 
955 0.0017216711999999996 
956 0.0019607921999999995 
957 0.0017216711999999996 
958 0.0016260227999999996 
959 0.0016499348999999997 
960 0.0016499348999999997 
961 0.0017216711999999996 
962 0.0012195171 
963 0.0012195171 
964 0.0012195171 
965 0.0008608355999999999 
966 0.0008847476999999999 
967 0.0009803961 
968 0.0006217145999999999 
969 0.0006934508999999998 
970 0.0006934508999999998 
971 0.0006934508999999998 
972 0.00047824199999999987 
973 0.00047824199999999987 
974 0.0005978024999999999 
975 0.00047824199999999987 
976 0.00047824199999999987 
977 0.00043041779999999994 
978 0.0005978024999999999 
979 0.00031085729999999993 
980 0.00031085729999999993 
981 0.00043041779999999994 
982 0.00031085729999999993 
983 0.00031085729999999993 
984 0.00031085729999999993 
985 0.00031085729999999993 
986 0.00031085729999999993 
987 0.00031085729999999993 
988 0.00019129679999999995 
989 0.00031085729999999993 
990 0.00031085729999999993 
991 0.00019129679999999995 
992 0.00031085729999999993 
993 0.00026303309999999995 
994 0.00023912099999999996 
995 0.00023912099999999996 
996 0.00026303309999999995 
997 0.00026303309999999995 
998 0.00021520889999999997 
999 0.00026303309999999995 
1000 0.0004065056999999999 
1001 0.0004065056999999999 
1002 0.00023912099999999996 
1003 0.0004065056999999999 
1004 0.0004304177999999999 
1005 0.0004304177999999999 
1006 0.0004304177999999999 
1007 0.0004065056999999999 
1008 0.0005021540999999999 
1009 0.0004304177999999999 
1010 0.0005021540999999999 
1011 0.00031085729999999993 
1012 0.00031085729999999993 
1013 0.00031085729999999993 
1014 0.00011956049999999997 
1015 0.00011956049999999997 
1016 0.00011956049999999997 
1017 0.00021520889999999997 
1018 9.564839999999998e-5 
1019 0.00011956049999999997 
1020 0.00014347259999999997 
1021 0.00019129679999999995 
1022 0.00023912099999999996 
1023 0.00023912099999999996 
1024 0.00026303309999999995 
1025 0.00023912099999999996 
1026 0.0004304177999999999 
1027 0.0004304177999999999 
1028 0.0005021540999999999 
1029 0.0005021540999999999 
1030 0.00045432989999999993 
1031 0.00045432989999999993 
1032 0.00045432989999999993 
1033 0.0003347693999999999 
1034 0.0003347693999999999 
1035 0.0003347693999999999 
1036 0.00023912099999999996 
1037 0.00023912099999999996 
1038 0.00021520889999999997 
1039 0.00021520889999999997 
1040 0.00011956049999999997 
1041 0.00011956049999999997 
1042 7.173629999999999e-5 
1043 0.00014347259999999997 
1044 0.00014347259999999997 
1045 0.00011956049999999997 
1046 0.00019129679999999995 
1047 0.00043041779999999994 
1048 0.00045432989999999993 
1049 0.0005978024999999999 
1050 0.0008369234999999998 
1051 0.0010760445 
1052 0.0010760445 
1053 0.0013869018 
1054 0.0012912534 
1055 0.0017694953999999998 
1056 0.0021760010999999995 
1057 0.0020564405999999994 
1058 0.0026303309999999996 
1059 0.0026303309999999996 
1060 0.0025107704999999996 
1061 0.0020564405999999994 
1062 0.0016499348999999997 
1063 0.0017216711999999996 
1064 0.0012912534 
1065 0.0012912534 
1066 0.0009803961 
1067 0.0007173629999999998 
1068 0.0009803961 
1069 0.0009803961 
1070 0.0006934508999999998 
1071 0.0010760445 
1072 0.0008130113999999999 
1073 0.0010043081999999998 
1074 0.0010999565999999998 
1075 0.0010760445 
1076 0.0010760445 
1077 0.0009803961 
1078 0.0009803961 
1079 0.0007173629999999998 
1080 0.0007173629999999998 
1081 0.0004304177999999999 
1082 0.0003347693999999999 
1083 0.0003347693999999999 
1084 0.0004304177999999999 
1085 0.0005021540999999999 
1086 0.0006456266999999999 
1087 0.0009803961 
1088 0.0012912534 
1089 0.0013629896999999998 
1090 0.0016499348999999997 
1091 0.0016499348999999997 
1092 0.0017455832999999997 
1093 0.0012912534 
1094 0.0016499348999999997 
1095 0.0016499348999999997 
1096 0.0020564405999999994 
1097 0.0021281768999999993 
1098 0.0025107704999999996 
1099 0.0026303309999999996 
1100 0.0021520889999999994 
1101 0.0027738035999999994 
1102 0.0021520889999999994 
1103 0.0017455832999999997 
1104 0.0019129679999999995 
1105 0.0015542864999999997 
1106 0.0017455832999999997 
1107 0.0017455832999999997 
1108 0.0017455832999999997 
1109 0.0017455832999999997 
1110 0.0020564405999999994 
1111 0.0021281768999999993 
1112 0.0020564405999999994 
1113 0.0020564405999999994 
1114 0.0021520889999999994 
1115 0.0026064188999999995 
1116 0.0026303309999999996 
1117 0.0026303309999999996 
1118 0.0027738035999999994 
1119 0.003275957699999999 
1120 0.003132485099999999 
1121 0.003275957699999999 
1122 0.005667167699999998 
1123 0.004710683699999999 
1124 0.003969408599999998 
1125 0.0027977156999999995 
1126 0.0024868583999999995 
1127 0.0021520889999999994 
1128 0.0015781985999999998 
1129 0.0017934074999999996 
1130 0.0018651437999999997 
1131 0.0013390775999999997 
1132 0.0013390775999999997 
1133 0.0009086597999999999 
1134 0.0006934508999999998 
1135 0.0006934508999999998 
1136 0.0009086597999999999 
1137 0.0005021540999999999 
1138 0.0004065056999999999 
1139 0.0004065056999999999 
1140 0.0003825935999999999 
1141 0.0004304177999999999 
1142 0.00023912099999999996 
1143 0.00023912099999999996 
1144 0.00023912099999999996 
1145 0.00021520889999999994 
1146 0.00021520889999999994 
1147 0.0004065056999999999 
1148 0.0008130113999999999 
1149 0.0015781985999999996 
1150 0.0015781985999999996 
1151 0.0016738469999999998 
1152 0.0014108138999999998 
1153 0.0010760444999999997 
1154 0.0015542864999999997 
1155 0.0019368800999999998 
1156 0.0030846608999999994 
1157 0.003443342399999999 
1158 0.004304177999999999 
1159 0.004997628899999999 
1160 0.0060497612999999995 
1161 0.007030157399999999 
1162 0.007580135699999999 
1163 0.008751828599999997 
1164 0.010832181299999997 
1165 0.011166950699999997 
1166 0.010736532899999998 
1167 0.013056006599999996 
1168 0.012673412999999998 
1169 0.013271215499999996 
1170 0.012936446099999999 
1171 0.010664796599999998 
1172 0.009875697299999998 
1173 0.008632268099999998 
1174 0.008656180199999997 
1175 0.007962729299999999 
1176 0.006814948499999998 
1177 0.006838860599999998 
1178 0.005834552399999999 
1179 0.005284574099999998 
1180 0.0047345958 
1181 0.003658551299999999 
1182 0.0035629028999999996 
1183 0.0029411882999999996 
1184 0.0028933640999999994 
1185 0.0032998698 
1186 0.0025585946999999998 
1187 0.0032759576999999993 
1188 0.0035629028999999987 
1189 0.004352002199999999 
1190 0.004830244199999998 
1191 0.005858464499999999 
1192 0.007030157399999998 
1193 0.007030157399999998 
1194 0.006360618599999999 
1195 0.006886684799999999 
1196 0.005810640299999998 
1197 0.005810640299999998 
1198 0.0054997829999999985 
1199 0.004710683699999999 
1200 0.005021540999999998 
1201 0.004782419999999999 
1202 0.0047345958 
1203 0.005595431399999999 
1204 0.006145409699999999 
1205 0.006145409699999999 
1206 0.0067432121999999985 
1207 0.006145409699999999 
1208 0.006145409699999999 
1209 0.005595431399999999 
1210 0.0047345958 
1211 0.004782419999999999 
1212 0.004519386899999999 
1213 0.004710683699999999 
1214 0.004543298999999999 
1215 0.004878068399999999 
1216 0.005308486199999999 
1217 0.006336706499999999 
1218 0.006958421099999998 
1219 0.005858464499999999 
1220 0.004830244199999998 
1221 0.004352002199999999 
1222 0.004878068399999999 
1223 0.004088969099999999 
1224 0.004304177999999999 
1225 0.004519386899999999 
1226 0.005284574099999998 
1227 0.005595431399999998 
1228 0.006241058099999999 
1229 0.006838860599999998 
1230 0.007293190499999999 
1231 0.008632268099999998 
1232 0.009373543199999997 
1233 0.008369234999999997 
1234 0.007460575199999999 
1235 0.0077953445999999985 
1236 0.0082257624 
1237 0.009517015799999997 
1238 0.010066994099999997 
1239 0.010784357099999996 
1240 0.010784357099999996 
1241 0.011501720099999998 
1242 0.010832181299999997 
1243 0.008751828599999997 
1244 0.008751828599999997 
1245 0.010903917599999998 
1246 0.008345322899999999 
1247 0.0082257624 
1248 0.008823564899999999 
1249 0.008512707599999999 
1250 0.006551915399999999 
1251 0.007149717899999998 
1252 0.006719300099999999 
1253 0.007317102599999998 
1254 0.007532311499999998 
1255 0.006432354899999999 
1256 0.007293190499999999 
1257 0.007149717899999998 
1258 0.006241058099999999 
1259 0.006145409699999999 
1260 0.005236749899999999 
1261 0.004782419999999999 
1262 0.0032998698 
1263 0.0030846608999999994 
1264 0.003682463399999999 
1265 0.0035629028999999987 
1266 0.004352002199999999 
1267 0.003921584399999999 
1268 0.0039454964999999995 
1269 0.004925892599999999 
1270 0.004519386899999998 
1271 0.003658551299999999 
1272 0.0035868149999999993 
1273 0.003849848099999999 
1274 0.0032759576999999993 
1275 0.002821627799999999 
1276 0.0030129245999999995 
1277 0.0023433857999999993 
1278 0.0025585946999999993 
1279 0.003849848099999999 
1280 0.005069365199999999 
1281 0.006528003299999998 
1282 0.006193233899999998 
1283 0.005069365199999999 
1284 0.0044476505999999985 
1285 0.003921584399999999 
1286 0.0031324850999999996 
1287 0.0027977156999999995 
1288 0.0025585946999999998 
1289 0.0027259793999999996 
1290 0.0026303309999999996 
1291 0.0026303309999999996 
1292 0.0023194736999999997 
1293 0.0020564406 
1294 0.0023194736999999997 
1295 0.0020564406 
1296 0.0026303309999999996 
1297 0.0021042647999999996 
1298 0.0022477374 
1299 0.0021281768999999997 
1300 0.0024151220999999996 
1301 0.002797715699999999 
1302 0.0032759576999999993 
1303 0.003849848099999999 
1304 0.004830244199999999 
1305 0.004830244199999999 
1306 0.005786728199999999 
1307 0.005069365199999999 
1308 0.006528003299999998 
1309 0.005858464499999999 
1310 0.004830244199999998 
1311 0.003921584399999999 
1312 0.0032759576999999993 
1313 0.0025585946999999993 
1314 0.0023433857999999993 
1315 0.0017694953999999995 
1316 0.0019129679999999995 
1317 0.0015542864999999997 
1318 0.0015781985999999998 
1319 0.0015781985999999998 
1320 0.0015542864999999997 
1321 0.0021281768999999997 
1322 0.0021281768999999997 
1323 0.0019368800999999998 
1324 0.0021042647999999996 
1325 0.0023194736999999997 
1326 0.0028933640999999994 
1327 0.0028933640999999994 
1328 0.0035629028999999996 
1329 0.0035629028999999996 
1330 0.003969408599999999 
1331 0.004782419999999999 
1332 0.0047345958 
1333 0.005284574099999998 
1334 0.005428046699999998 
1335 0.005212837799999998 
1336 0.0060497612999999995 
1337 0.007030157399999999 
1338 0.007508399399999998 
1339 0.009445279499999997 
1340 0.010808269199999998 
1341 0.012290819399999998 
1342 0.013892930099999996 
1343 0.013056006599999998 
1344 0.0139168422 
1345 0.012338643599999997 
1346 0.010856093399999997 
1347 0.011023478099999998 
1348 0.010545236099999997 
1349 0.009038773799999998 
1350 0.008656180199999997 
1351 0.0072931904999999995 
1352 0.0076757840999999985 
1353 0.007508399399999999 
1354 0.008751828599999997 
1355 0.008082289799999998 
1356 0.0069105969 
1357 0.0074844872999999985 
1358 0.006886684799999999 
1359 0.005810640299999998 
1360 0.004878068399999999 
1361 0.004088969099999999 
1362 0.003849848099999999 
1363 0.0030846608999999994 
1364 0.0026303309999999996 
1365 0.0020564406 
1366 0.0015781985999999996 
1367 0.0010760444999999997 
1368 0.0006934508999999998 
1369 0.0004065056999999999 
1370 0.00040650569999999995 
1371 0.0003347693999999999 
1372 0.0004304177999999999 
1373 0.0003825935999999999 
1374 0.0006217145999999999 
1375 0.0008847476999999999 
1376 0.0009564839999999998 
1377 0.0009803961 
1378 0.0009086597999999999 
1379 0.0009803961 
1380 0.0009564839999999998 
1381 0.0009803961 
1382 0.0008847476999999999 
1383 0.0006456266999999999 
1384 0.00026303309999999995 
1385 0.00040650569999999995 
1386 0.00021520889999999994 
1387 0.00026303309999999995 
1388 0.0004065056999999999 
1389 0.00014347259999999997 
1390 0.00011956049999999997 
1391 0.00014347259999999997 
1392 7.173629999999999e-5 
1393 0.00014347259999999997 
1394 0.00014347259999999997 
1395 7.173629999999999e-5 
1396 0.00014347259999999997 
1397 0.00014347259999999997 
1398 0.00014347259999999997 
1399 7.173629999999999e-5 
1400 0.00014347259999999997 
1401 0.00014347259999999997 
1402 0.00021520889999999994 
1403 0.00021520889999999994 
1404 0.00021520889999999994 
1405 0.00014347259999999997 
1406 0.00023912099999999996 
1407 0.00023912099999999996 
1408 0.00031085729999999993 
1409 0.00031085729999999993 
1410 0.00031085729999999993 
1411 0.00031085729999999993 
1412 0.00031085729999999993 
1413 0.00043041779999999994 
1414 0.0006217145999999999 
1415 0.0008369234999999999 
1416 0.0012673412999999998 
1417 0.0016499348999999997 
1418 0.0020086163999999997 
1419 0.0021281768999999993 
1420 0.0020086163999999997 
1421 0.0018412316999999996 
1422 0.0014825501999999999 
1423 0.0013629896999999998 
1424 0.0010521323999999998 
1425 0.0009086597999999999 
1426 0.0013629896999999998 
1427 0.0009803961 
1428 0.0010760444999999997 
1429 0.0007890992999999998 
1430 0.0008369234999999999 
1431 0.0006217145999999999 
1432 0.0008608355999999999 
1433 0.0015542864999999997 
1434 0.0020325284999999993 
1435 0.0016499348999999997 
1436 0.0018412316999999996 
1437 0.0026303309999999996 
1438 0.003275957699999999 
1439 0.0028694519999999993 
1440 0.0038498480999999986 
1441 0.003969408599999998 
1442 0.0036346391999999995 
1443 0.003706375499999999 
1444 0.004328090099999999 
1445 0.003969408599999999 
1446 0.004232441699999999 
1447 0.0032042213999999994 
1448 0.0028933640999999994 
1449 0.0018412316999999996 
1450 0.0010760444999999997 
1451 0.0007651871999999998 
1452 0.0005260661999999999 
1453 0.0004065056999999999 
1454 0.0003347693999999999 
1455 0.0003347693999999999 
1456 0.0005978024999999999 
1457 0.0006217145999999999 
1458 0.0009803961 
1459 0.0013629896999999998 
1460 0.0019847042999999996 
1461 0.0026064188999999995 
1462 0.003012924599999999 
1463 0.002941188299999999 
1464 0.003084660899999999 
1465 0.0038737601999999996 
1466 0.004471562699999998 
1467 0.0046389473999999984 
1468 0.004519386899999999 
1469 0.0044476505999999985 
1470 0.004638947399999999 
1471 0.0038259359999999994 
1472 0.003108572999999999 
1473 0.002989012499999999 
1474 0.0024390341999999997 
1475 0.0020564405999999994 
1476 0.001195605 
1477 0.0015303743999999996 
1478 0.0019607921999999995 
1479 0.0019607921999999995 
1480 0.0024868583999999995 
1481 0.0017216711999999996 
1482 0.0012912534 
1483 0.0014825501999999999 
1484 0.0013390775999999997 
1485 0.0008369234999999999 
1486 0.0005978024999999999 
1487 0.00045432989999999993 
1488 0.0005021540999999999 
1489 0.00028694519999999994 
1490 0.0005021540999999999 
1491 0.0008130113999999999 
1492 0.0014108139 
1493 0.0017694953999999998 
1494 0.002702067299999999 
1495 0.0036346391999999995 
1496 0.0044476505999999985 
1497 0.005356310399999999 
1498 0.005954112899999998 
1499 0.005667167699999999 
1500 0.005786728199999998 
1501 0.0051889256999999986 
1502 0.0043998264 
1503 0.0043998264 
1504 0.003969408599999998 
1505 0.0034672544999999996 
1506 0.0027498914999999993 
1507 0.0021281768999999993 
1508 0.0027498914999999993 
1509 0.0034672544999999996 
1510 0.0036346391999999995 
1511 0.0044476505999999985 
1512 0.005284574099999999 
1513 0.005021540999999999 
1514 0.004160705399999999 
1515 0.003969408599999999 
1516 0.004638947399999999 
1517 0.004232441699999999 
1518 0.0035629028999999996 
1519 0.0029890124999999994 
1520 0.002152089 
1521 0.0019368800999999996 
1522 0.0016021107 
1523 0.0014825501999999999 
1524 0.0016021107 
1525 0.0012912534 
1526 0.0012912534 
1527 0.0020564405999999994 
1528 0.0027020672999999995 
1529 0.003132485099999999 
1530 0.0040650569999999995 
1531 0.004638947399999999 
1532 0.004925892599999999 
1533 0.005882376599999999 
1534 0.0069345089999999976 
1535 0.0069345089999999976 
1536 0.007006245299999998 
1537 0.0064323548999999985 
1538 0.007532311499999998 
1539 0.008895301199999999 
1540 0.011573456399999996 
1541 0.0112147749 
1542 0.009612664199999997 
1543 0.007675784099999999 
1544 0.008106201899999999 
1545 0.007006245299999999 
1546 0.0056910797999999985 
1547 0.005954112899999999 
1548 0.005954112899999999 
1549 0.005858464499999999 
1550 0.005858464499999999 
1551 0.0046389473999999984 
1552 0.003658551299999999 
1553 0.003969408599999999 
1554 0.0032042213999999994 
1555 0.0026303309999999996 
1556 0.0023194736999999997 
1557 0.0029411882999999996 
1558 0.0025825067999999994 
1559 0.0023194736999999997 
1560 0.0032998698 
1561 0.003658551299999999 
1562 0.005428046699999998 
1563 0.005045453099999998 
1564 0.007293190499999999 
1565 0.011693016899999997 
1566 0.011812577399999996 
1567 0.009134422199999997 
1568 0.013271215499999997 
1569 0.0188666469 
1570 0.018890558999999998 
1571 0.023003440199999996 
1572 0.023672978999999997 
1573 0.025657683299999998 
1574 0.03495949019999999 
1575 0.03962234969999999 
1576 0.03682463399999999 
1577 0.027403266599999993 
1578 0.0306792243 
1579 0.039072371399999986 
1580 0.039861470699999985 
1581 0.0330465222 
1582 0.024175133099999996 
1583 0.027690211799999993 
1584 0.025012056599999995 
1585 0.015877634399999997 
1586 0.010210466699999997 
1587 0.008608355999999998 
1588 0.008273586599999999 
1589 0.007867080899999998 
1590 0.007604047799999999 
1591 0.009134422199999997 
1592 0.008369234999999997 
1593 0.009397455299999998 
1594 0.0093974553 
1595 0.009899609399999999 
1596 0.008727916499999998 
1597 0.006073673399999998 
1598 0.005595431399999998 
1599 0.0053084861999999995 
1600 0.006838860599999998 
1601 0.006838860599999998 
1602 0.005786728199999998 
1603 0.0053084861999999995 
1604 0.0043998264 
1605 0.003586814999999999 
1606 0.0022477373999999994 
1607 0.0022477373999999994 
1608 0.0012912534 
1609 0.0010999565999999998 
1610 0.0006934508999999998 
1611 0.0005021540999999999 
1612 0.0003347693999999999 
1613 0.00021520889999999994 
1614 0.00026303309999999995 
1615 0.0004065056999999999 
1616 0.0006217145999999999 
1617 0.0004065056999999999 
1618 0.0004065056999999999 
1619 0.00043041779999999994 
1620 0.0007890992999999998 
1621 0.0010043081999999998 
1622 0.0015542864999999997 
1623 0.0016738469999999998 
1624 0.0019847042999999996 
1625 0.0021281768999999993 
1626 0.0023672978999999994 
1627 0.0022477373999999994 
1628 0.0018412316999999996 
1629 0.0021760010999999995 
1630 0.0017694953999999998 
1631 0.0017694953999999998 
1632 0.0018412316999999996 
1633 0.0014825501999999999 
1634 0.0014825501999999999 
1635 0.0016499348999999997 
1636 0.0011716928999999999 
1637 0.0011716928999999999 
1638 0.0009803961 
1639 0.0007173629999999998 
1640 0.0010043081999999998 
1641 0.0008369234999999999 
1642 0.0008369234999999999 
1643 0.0008369234999999999 
1644 0.0011716928999999999 
1645 0.0010521323999999998 
1646 0.0013629896999999998 
1647 0.0012912534 
1648 0.0012673412999999998 
1649 0.0012195171 
1650 0.0012912534 
1651 0.0012673412999999998 
1652 0.0009803961 
1653 0.0014825501999999999 
1654 0.0011716928999999999 
1655 0.0016738469999999998 
1656 0.0015542864999999997 
1657 0.0013390775999999997 
1658 0.0007890992999999998 
1659 0.0006456266999999999 
1660 0.0005978024999999999 
1661 0.0005978024999999999 
1662 0.0004065056999999999 
1663 0.0004065056999999999 
1664 0.0003347693999999999 
1665 0.00045432989999999993 
1666 0.00043041779999999994 
1667 0.00047824199999999987 
1668 0.0006217145999999999 
1669 0.0006217145999999999 
1670 0.0008608355999999999 
1671 0.0008608355999999999 
1672 0.0008847476999999999 
1673 0.001195605 
1674 0.0008847476999999999 
1675 0.001195605 
1676 0.0012195171 
1677 0.0012912534 
1678 0.0012912534 
1679 0.001195605 
1680 0.0012195171 
1681 0.0008847476999999999 
1682 0.0009086597999999999 
1683 0.0007173629999999998 
1684 0.0007173629999999998 
1685 0.0009086597999999999 
1686 0.0006217145999999999 
1687 0.0006217145999999999 
1688 0.00045432989999999993 
1689 0.00031085729999999993 
1690 0.00031085729999999993 
1691 0.00031085729999999993 
1692 0.00031085729999999993 
1693 0.00023912099999999996 
1694 0.00023912099999999996 
1695 0.00023912099999999996 
1696 0.00014347259999999997 
1697 0.00014347259999999997 
1698 0.00014347259999999997 
1699 0.00023912099999999996 
1700 0.00011956049999999997 
1701 0.00014347259999999997 
1702 0.00011956049999999997 
1703 0.00023912099999999996 
1704 0.00023912099999999996 
1705 0.00031085729999999993 
1706 0.00031085729999999993 
1707 0.00031085729999999993 
1708 0.00031085729999999993 
1709 0.0003347693999999999 
1710 0.00045432989999999993 
1711 0.0003347693999999999 
1712 0.00045432989999999993 
1713 0.0006217145999999999 
1714 0.0006217145999999999 
1715 0.00043041779999999994 
1716 0.00043041779999999994 
1717 0.00043041779999999994 
1718 0.0005978024999999999 
1719 0.0008369234999999999 
1720 0.0010999566 
1721 0.0010760445 
1722 0.0008369234999999999 
1723 0.0008130113999999999 
1724 0.0010760445 
1725 0.0008369234999999999 
1726 0.0008130113999999999 
1727 0.0005978024999999999 
1728 0.00045432989999999993 
1729 0.0005260661999999999 
1730 0.0003347693999999999 
1731 0.0003347693999999999 
1732 0.0003347693999999999 
1733 0.00026303309999999995 
1734 0.00031085729999999993 
1735 0.00031085729999999993 
1736 0.0003347693999999999 
1737 0.00031085729999999993 
1738 0.00023912099999999996 
1739 0.0003347693999999999 
1740 0.00026303309999999995 
1741 0.00026303309999999995 
1742 0.00026303309999999995 
1743 0.0003347693999999999 
1744 0.00031085729999999993 
1745 0.00031085729999999993 
1746 0.00031085729999999993 
1747 0.0003347693999999999 
1748 0.00026303309999999995 
1749 0.00026303309999999995 
1750 0.00023912099999999996 
1751 0.0004065056999999999 
1752 0.0003825935999999999 
1753 0.0003825935999999999 
1754 0.0003825935999999999 
1755 0.0004304177999999999 
1756 0.0004304177999999999 
1757 0.0003825935999999999 
1758 0.0003825935999999999 
1759 0.00023912099999999996 
1760 0.00023912099999999996 
1761 0.00023912099999999996 
1762 0.00023912099999999996 
1763 0.00023912099999999996 
1764 0.00023912099999999996 
1765 0.00023912099999999996 
1766 0.0004065056999999999 
1767 0.0004065056999999999 
1768 0.0004304177999999999 
1769 0.0004304177999999999 
1770 0.0004304177999999999 
1771 0.0004304177999999999 
1772 0.0005021540999999999 
1773 0.0007173629999999998 
1774 0.0007173629999999998 
1775 0.0006934508999999998 
1776 0.0006217145999999999 
1777 0.0009564839999999998 
1778 0.0006934508999999998 
1779 0.0006934508999999998 
1780 0.0009564839999999998 
1781 0.0008369234999999998 
1782 0.0008369234999999998 
1783 0.0006217145999999999 
1784 0.0005021540999999999 
1785 0.0004304177999999999 
1786 0.00026303309999999995 
1787 0.00026303309999999995 
1788 0.0004304177999999999 
1789 0.00023912099999999996 
1790 0.0003825935999999999 
1791 0.0003825935999999999 
1792 0.0004065056999999999 
1793 0.00047824199999999987 
1794 0.0005978024999999999 
1795 0.0005978024999999999 
1796 0.0008130113999999999 
1797 0.0010043081999999998 
1798 0.0012434291999999997 
1799 0.0015781985999999998 
1800 0.0015781985999999998 
1801 0.0019368800999999996 
1802 0.0022238252999999997 
1803 0.002630330999999999 
1804 0.002893364099999999 
1805 0.002630330999999999 
1806 0.0025585946999999993 
1807 0.0023433857999999993 
1808 0.0019129679999999995 
1809 0.0017455832999999997 
1810 0.0017694953999999998 
1811 0.0021760010999999995 
1812 0.0017216711999999996 
1813 0.0013629896999999998 
1814 0.0012912534 
1815 0.0009803961 
1816 0.0009803961 
1817 0.0007173629999999998 
1818 0.0004304177999999999 
1819 0.0004304177999999999 
1820 0.00026303309999999995 
1821 0.00014347259999999997 
1822 7.173629999999999e-5 
1823 4.782419999999999e-5 
1824 2.3912099999999994e-5 
1825 4.782419999999999e-5 
1826 4.782419999999999e-5 
1827 0.00011956049999999997 
1828 0.00011956049999999997 
1829 9.564839999999998e-5 
1830 0.00023912099999999996 
1831 0.00023912099999999996 
1832 0.00026303309999999995 
1833 0.00031085729999999993 
1834 0.0003347693999999999 
1835 0.00023912099999999996 
1836 0.00011956049999999997 
1837 0.00031085729999999993 
1838 0.00031085729999999993 
1839 0.00019129679999999995 
1840 0.00023912099999999996 
1841 0.00019129679999999995 
1842 0.0003347693999999999 
1843 0.00031085729999999993 
1844 0.00031085729999999993 
1845 0.0003347693999999999 
1846 0.00019129679999999995 
1847 0.0003347693999999999 
1848 0.00045432989999999993 
1849 0.0003347693999999999 
1850 0.00045432989999999993 
1851 0.00045432989999999993 
1852 0.00045432989999999993 
1853 0.0003347693999999999 
1854 0.00045432989999999993 
1855 0.0003347693999999999 
1856 0.0005021540999999999 
1857 0.0003347693999999999 
1858 0.0003347693999999999 
1859 0.00026303309999999995 
1860 0.00026303309999999995 
1861 0.00026303309999999995 
1862 0.00026303309999999995 
1863 0.00023912099999999996 
1864 0.00026303309999999995 
1865 0.00026303309999999995 
1866 0.00023912099999999996 
1867 0.00023912099999999996 
1868 0.00014347259999999997 
1869 0.00011956049999999997 
1870 0.00011956049999999997 
1871 0.00011956049999999997 
1872 7.173629999999999e-5 
1873 4.782419999999999e-5 
1874 0.00011956049999999997 
1875 7.173629999999999e-5 
1876 4.782419999999999e-5 
1877 9.564839999999998e-5 
1878 0.00011956049999999997 
1879 2.3912099999999994e-5 
1880 9.564839999999998e-5 
1881 0.00011956049999999997 
1882 0.00011956049999999997 
1883 0.00023912099999999996 
1884 0.00026303309999999995 
1885 0.0005738903999999999 
1886 0.0006934508999999998 
1887 0.0006934508999999998 
1888 0.0011956049999999998 
1889 0.0011956049999999998 
1890 0.0010760444999999997 
1891 0.0010760444999999997 
1892 0.0010043081999999998 
1893 0.0012673412999999998 
1894 0.0012673412999999998 
1895 0.0010999565999999998 
1896 0.0010043081999999998 
1897 0.0007890992999999998 
1898 0.0008608355999999998 
1899 0.0008608355999999998 
1900 0.00045432989999999993 
1901 0.0006934508999999998 
1902 0.0005738903999999999 
1903 0.0010282203 
1904 0.0009086597999999999 
1905 0.0013390775999999997 
1906 0.0008369234999999998 
1907 0.0012434291999999997 
1908 0.0008130113999999999 
1909 0.0008369234999999998 
1910 0.0005738903999999999 
1911 0.0006934508999999998 
1912 0.0006934508999999998 
1913 0.00045432989999999993 
1914 0.0003347693999999999 
1915 0.0005738903999999999 
1916 0.00045432989999999993 
1917 0.0003347693999999999 
1918 0.00026303309999999995 
1919 0.0003347693999999999 
1920 0.00014347259999999997 
1921 9.564839999999998e-5 
1922 0.00011956049999999997 
1923 4.782419999999999e-5 
1924 4.782419999999999e-5 
1925 4.782419999999999e-5 
1926 0.00011956049999999997 
1927 0.00014347259999999997 
1928 7.173629999999999e-5 
1929 0.00011956049999999997 
1930 0.00014347259999999997 
1931 0.00014347259999999997 
1932 0.00021520889999999994 
1933 0.00021520889999999994 
1934 0.00021520889999999994 
1935 0.00021520889999999994 
1936 0.00014347259999999997 
1937 7.173629999999999e-5 
1938 0.00014347259999999997 
1939 0.00011956049999999997 
1940 0.00019129679999999995 
1941 0.00011956049999999997 
1942 0.00023912099999999996 
1943 0.00011956049999999997 
1944 4.782419999999999e-5 
1945 0.00019129679999999995 
1946 0.00019129679999999995 
1947 0.00011956049999999997 
1948 0.00011956049999999997 
1949 0.00011956049999999997 
1950 0.00011956049999999997 
1951 0.00014347259999999997 
1952 0.00021520889999999997 
1953 9.564839999999998e-5 
1954 0.00011956049999999997 
1955 0.00014347259999999997 
1956 0.0003347693999999999 
1957 0.00028694519999999994 
1958 0.00028694519999999994 
1959 0.0004065056999999999 
1960 0.00028694519999999994 
1961 0.0003347693999999999 
1962 0.00031085729999999993 
1963 0.00031085729999999993 
1964 0.0003347693999999999 
1965 0.00023912099999999996 
1966 0.0003347693999999999 
1967 0.00031085729999999993 
1968 0.00023912099999999996 
1969 0.00026303309999999995 
1970 0.0003347693999999999 
1971 0.00026303309999999995 
1972 0.00019129679999999995 
1973 0.0003347693999999999 
1974 0.0003347693999999999 
1975 0.00031085729999999993 
1976 0.00031085729999999993 
1977 0.0005978024999999999 
1978 0.00045432989999999993 
1979 0.00031085729999999993 
1980 0.00031085729999999993 
1981 0.00026303309999999995 
1982 0.00021520889999999994 
1983 0.00019129679999999995 
1984 7.173629999999999e-5 
1985 7.173629999999999e-5 
1986 7.173629999999999e-5 
1987 0.00011956049999999997 
1988 0.00019129679999999995 
1989 0.00031085729999999993 
1990 0.00043041779999999994 
1991 0.0005978024999999999 
1992 0.0008130113999999999 
1993 0.0008130113999999999 
1994 0.0010760445 
1995 0.0006934508999999998 
1996 0.0007173629999999998 
1997 0.0007173629999999998 
1998 0.0009803961 
1999 0.0006456266999999999 
2000 0.0006456266999999999 
2001 0.0009803961 
2002 0.0009803961 
2003 0.0007173629999999998 
2004 0.0008130113999999999 
2005 0.0010760445 
2006 0.0012912534 
2007 0.0012912534 
2008 0.0012912534 
2009 0.0017216711999999996 
2010 0.0017216711999999996 
2011 0.0012912534 
2012 0.0012912534 
2013 0.0016499348999999997 
2014 0.0017694953999999998 
2015 0.0013869018 
2016 0.0017455832999999997 
2017 0.0017455832999999997 
2018 0.0013869018 
2019 0.0010760445 
2020 0.0013869018 
2021 0.0013869018 
2022 0.0010760445 
2023 0.0010999565999999998 
2024 0.0010999565999999998 
2025 0.0010760445 
2026 0.0008369234999999998 
2027 0.0010999565999999998 
2028 0.0010760445 
2029 0.0006934508999999998 
2030 0.0008369234999999998 
2031 0.0008369234999999998 
2032 0.0006934508999999998 
2033 0.0005021540999999999 
2034 0.0006217145999999999 
2035 0.0006217145999999999 
2036 0.00047824199999999987 
2037 0.00011956049999999997 
2038 0.00014347259999999997 
2039 0.00023912099999999996 
2040 0.00011956049999999997 
2041 4.782419999999999e-5 
2042 2.3912099999999994e-5 
2043 4.782419999999999e-5 
2044 4.782419999999999e-5 
2045 4.782419999999999e-5 
2046 4.782419999999999e-5 
2047 2.3912099999999994e-5 
2048 0.00011956049999999997 
2049 0.00011956049999999997 
2050 0.00011956049999999997 
2051 0.00011956049999999997 
2052 0.00011956049999999997 
2053 0.00011956049999999997 
2054 0.00011956049999999997 
2055 0.00014347259999999997 
2056 0.00021520889999999994 
2057 0.00019129679999999995 
2058 0.00014347259999999997 
2059 0.00014347259999999997 
2060 0.00021520889999999994 
2061 0.00021520889999999994 
2062 0.00014347259999999997 
2063 0.00026303309999999995 
2064 0.00026303309999999995 
2065 0.0005021540999999999 
2066 0.0004304177999999999 
2067 0.0004304177999999999 
2068 0.0004304177999999999 
2069 0.0005021540999999999 
2070 0.00026303309999999995 
2071 0.00026303309999999995 
2072 0.00026303309999999995 
2073 0.00026303309999999995 
2074 0.00031085729999999993 
2075 0.0004304177999999999 
2076 0.0004304177999999999 
2077 0.00047824199999999987 
2078 0.00047824199999999987 
2079 0.0006217145999999999 
2080 0.0006217145999999999 
2081 0.0003825935999999999 
2082 0.0005978024999999999 
2083 0.0005978024999999999 
2084 0.0004065056999999999 
2085 0.0004065056999999999 
2086 0.0004065056999999999 
2087 0.0004065056999999999 
2088 0.00047824199999999987 
2089 0.00047824199999999987 
2090 0.00047824199999999987 
2091 0.00031085729999999993 
2092 0.00031085729999999993 
2093 0.00031085729999999993 
2094 0.00031085729999999993 
2095 0.00031085729999999993 
2096 0.00031085729999999993 
2097 0.00031085729999999993 
2098 0.00031085729999999993 
2099 0.00019129679999999995 
2100 0.00031085729999999993 
2101 0.00019129679999999995 
2102 0.00019129679999999995 
2103 0.00019129679999999995 
2104 0.00019129679999999995 
2105 0.00019129679999999995 
2106 0.00019129679999999995 
2107 0.00019129679999999995 
2108 0.00019129679999999995 
2109 0.00019129679999999995 
2110 0.00011956049999999997 
2111 0.00019129679999999995 
2112 0.00011956049999999997 
2113 4.782419999999999e-5 
2114 0.00011956049999999997 
2115 0.00011956049999999997 
2116 9.564839999999998e-5 
2117 4.782419999999999e-5 
2118 9.564839999999998e-5 
2119 9.564839999999998e-5 
2120 7.173629999999999e-5 
2121 4.782419999999999e-5 
2122 0.00011956049999999997 
2123 0.00014347259999999997 
2124 7.173629999999999e-5 
2125 7.173629999999999e-5 
2126 0.00019129679999999995 
2127 0.00014347259999999997 
2128 0.00014347259999999997 
2129 0.00014347259999999997 
2130 0.00026303309999999995 
2131 0.0003347693999999999 
2132 0.00031085729999999993 
2133 0.0005978024999999999 
2134 0.00043041779999999994 
2135 0.0005978024999999999 
2136 0.00043041779999999994 
2137 0.00031085729999999993 
2138 0.0003347693999999999 
2139 0.0005021540999999999 
2140 0.0005021540999999999 
2141 0.0007173629999999998 
2142 0.0007173629999999998 
2143 0.0005021540999999999 
2144 0.0004304177999999999 
2145 0.0005021540999999999 
2146 0.0003347693999999999 
2147 0.00031085729999999993 
2148 0.00019129679999999995 
2149 0.00021520889999999994 
2150 0.00014347259999999997 
2151 0.00014347259999999997 
2152 0.00011956049999999997 
2153 9.564839999999998e-5 
2154 2.3912099999999994e-5 
2155 0.00011956049999999997 
2156 0.00019129679999999995 
2157 0.00023912099999999996 
2158 0.00031085729999999993 
2159 0.0004304177999999999 
2160 0.0005021540999999999 
2161 0.0006456266999999999 
2162 0.0009803961 
2163 0.0009803961 
2164 0.0012912534 
2165 0.0017216711999999996 
2166 0.0017216711999999996 
2167 0.0021760010999999995 
2168 0.0021760010999999995 
2169 0.0027738035999999994 
2170 0.0027738035999999994 
2171 0.0030129245999999995 
2172 0.0030129245999999995 
2173 0.002630330999999999 
2174 0.002630330999999999 
2175 0.002893364099999999 
2176 0.0033476939999999996 
2177 0.003969408599999998 
2178 0.0038498480999999986 
2179 0.003969408599999998 
2180 0.004280265899999998 
2181 0.0034672544999999996 
2182 0.0034672544999999996 
2183 0.002893364099999999 
2184 0.002630330999999999 
2185 0.002152089 
2186 0.0019368800999999996 
2187 0.0015781985999999998 
2188 0.0019129679999999995 
2189 0.0019368800999999996 
2190 0.0025585946999999993 
2191 0.0027977156999999995 
2192 0.003491166599999999 
2193 0.003275957699999999 
2194 0.0040411449 
2195 0.0040411449 
2196 0.0040411449 
2197 0.003515078699999999 
2198 0.0027738035999999994 
2199 0.0023194736999999992 
2200 0.0023194736999999992 
2201 0.0017455832999999997 
2202 0.0019129679999999995 
2203 0.0013869018 
2204 0.0017694953999999998 
2205 0.0021760010999999995 
2206 0.0021760010999999995 
2207 0.0026303309999999996 
2208 0.0027977156999999995 
2209 0.003275957699999999 
2210 0.0027738035999999994 
2211 0.0027977156999999995 
2212 0.0030129245999999995 
2213 0.0023194736999999992 
2214 0.0023194736999999992 
2215 0.0025585946999999993 
2216 0.002630330999999999 
2217 0.002893364099999999 
2218 0.0026064188999999995 
2219 0.003491166599999999 
2220 0.0039454964999999995 
2221 0.0039454964999999995 
2222 0.0039454964999999995 
2223 0.003491166599999999 
2224 0.003491166599999999 
2225 0.003491166599999999 
2226 0.0034672544999999996 
2227 0.0034672544999999996 
2228 0.0038498480999999986 
2229 0.0038498480999999986 
2230 0.0043998264 
2231 0.0040650569999999995 
2232 0.003515078699999999 
2233 0.003515078699999999 
2234 0.003515078699999999 
2235 0.003275957699999999 
2236 0.003275957699999999 
2237 0.0040411449 
2238 0.004423738499999999 
2239 0.0038259359999999994 
2240 0.0040411449 
2241 0.004638947399999999 
2242 0.005093277299999999 
2243 0.05798684249999999 
2244 0.038139799499999995 
2245 0.027594563399999994 
2246 0.017168887799999994 
2247 0.010186554599999998 
2248 0.0059302007999999995 
2249 0.0032042213999999994 
2250 0.004854156299999999 
2251 0.0031563971999999992 
2252 0.0012434291999999997 
2253 0.0010760444999999997 
2254 0.0008130113999999999 
2255 0.00021520889999999994 
2256 0.00047824199999999987 
2257 0.0007173629999999998 
2258 0.0006456266999999999 
2259 0.0007173629999999998 
2260 0.0006456266999999999 
2261 0.0006456266999999999 
2262 0.0006217145999999999 
2263 0.00047824199999999987 
2264 0.00047824199999999987 
2265 0.00019129679999999995 
2266 0.00026303309999999995 
2267 0.00026303309999999995 
2268 0.0007890992999999998 
2269 0.0009803961 
2270 0.0020564405999999994 
2271 0.0016499348999999997 
2272 0.0037781117999999996 
2273 0.004519386899999999 
2274 0.003323781899999999 
2275 0.006551915399999999 
2276 0.011166950699999997 
2277 0.020420933399999994 
2278 0.021353505299999992 
2279 0.0329747859 
2280 0.0402201522 
2281 0.049187189699999995 
2282 0.06642781379999999 
2283 0.07761867659999998 
2284 0.10162642499999998 
2285 0.13835541059999998 
2286 0.1360120248 
2287 0.11661931169999996 
2288 0.11817359819999997 
2289 0.1225016883 
2290 0.14978539439999997 
2291 0.15671990339999994 
2292 0.1332621333 
2293 0.09758528009999998 
2294 0.08613138419999998 
2295 0.09072250739999999 
2296 0.0715689153 
2297 0.05416090649999999 
2298 0.05401743389999999 
2299 0.04079404259999999 
2300 0.03254436809999999 
2301 0.025394650199999994 
2302 0.014466820499999998 
2303 0.014682029399999996 
2304 0.008225762399999998 
2305 0.006073673399999999 
2306 0.007867080899999998 
2307 0.007006245299999998 
2308 0.012673412999999998 
2309 0.016403700599999998 
2310 0.0274271787 
2311 0.03790067849999999 
2312 0.05095668509999998 
2313 0.07245366299999999 
2314 0.0846249219 
2315 0.0632475045 
2316 0.06697779209999997 
2317 0.047848112099999986 
2318 0.04258745009999999 
2319 0.028527135299999996 
2320 0.0213056811 
2321 0.018484053299999997 
2322 0.012458204099999997 
2323 0.011884313699999998 
2324 0.0163080522 
2325 0.023577330599999995 
2326 0.021903483599999996 
2327 0.024294693599999993 
2328 0.015997194899999997 
2329 0.014466820499999996 
2330 0.009325718999999998 
2331 0.006360618599999998 
2332 0.010066994099999997 
2333 0.008512707599999997 
2334 0.014251611599999998 
2335 0.016762382099999997 
2336 0.0316835325 
2337 0.041846174999999985 
2338 0.06549524189999999 
2339 0.08374017419999998 
2340 0.07637524739999998 
2341 0.05413699439999999 
2342 0.03283131329999999 
2343 0.0237686274 
2344 0.013319039699999995 
2345 0.010162642499999998 
2346 0.006528003299999998 
2347 0.008225762399999998 
2348 0.009301806899999997 
2349 0.016499349 
2350 0.024796847699999996 
2351 0.033716061 
2352 0.05593040189999999 
2353 0.06719300099999999 
2354 0.07173629999999999 
2355 0.055882577699999984 
2356 0.06719300099999997 
2357 0.07092328859999997 
2358 0.10277420579999999 
2359 0.1186279281 
2360 0.14990495489999994 
2361 0.184362291 
2362 0.19055552489999994 
2363 0.22740407099999996 
2364 0.26353525409999995 
2365 0.2489010489 
2366 0.29753826029999997 
2367 0.3142289060999999 
2368 0.2896472672999999 
2369 0.3245828454 
2370 0.25774852589999997 
2371 0.2606658020999999 
2372 0.27807381089999994 
2373 0.22620846599999997 
2374 0.20177029979999994 
2375 0.13500771659999994 
2376 0.08933560559999998 
2377 0.04691554019999999 
2378 0.02467728719999999 
2379 0.0151841835 
2380 0.007962729299999997 
2381 0.0037541996999999995 
2382 0.004901980499999999 
2383 0.0018412316999999996 
2384 0.003706375499999999 
2385 0.009062685899999999 
2386 0.014849414099999998 
2387 0.025944628499999994 
2388 0.037709381699999996 
2389 0.06207581159999999 
2390 0.05798684249999998 
2391 0.09036382589999999 
2392 0.11327161769999997 
2393 0.14218134659999995 
2394 0.15506996849999996 
2395 0.13823585009999997 
2396 0.09720268649999998 
2397 0.09136813409999997 
2398 0.08364452579999998 
2399 0.08888127569999998 
2400 0.0873748134 
2401 0.07271669609999998 
2402 0.05808249089999999 
2403 0.05475870899999998 
2404 0.04215703229999999 
2405 0.027738035999999994 
2406 0.021138296399999996 
2407 0.0118125774 
2408 0.0077714325 
2409 0.0042563537999999995 
2410 0.0038737601999999987 
2411 0.0027738035999999994 
2412 0.0018412316999999996 
2413 0.0014825501999999999 
2414 0.0014586380999999998 
2415 0.0012195170999999999 
2416 0.00047824199999999987 
2417 0.0010760444999999997 
2418 0.0009803960999999997 
2419 0.002415122099999999 
2420 0.0025346825999999992 
2421 0.0064084428 
2422 0.009612664199999999 
2423 0.023744715299999997 
2424 0.027020673 
2425 0.0378050301 
2426 0.036776809799999984 
2427 0.04701118859999999 
2428 0.044213472899999995 
2429 0.05456741219999999 
2430 0.05167404809999998 
2431 0.035533380599999984 
2432 0.02324256119999999 
2433 0.019942691399999997 
2434 0.0115017201 
2435 0.007388838899999999 
2436 0.003969408599999999 
2437 0.004925892599999999 
2438 0.0023672979 
2439 0.003132485099999999 
2440 0.0027259793999999996 
2441 0.0016738469999999998 
2442 0.0027259793999999996 
2443 0.0026303309999999996 
2444 0.0008130113999999999 
2445 0.0014108138999999998 
2446 0.0004304177999999999 
2447 0.0008608355999999998 
2448 0.0012195170999999999 
2449 0.003132485099999999 
2450 0.005021540999999999 
2451 0.008154026099999998 
2452 0.015399392399999995 
2453 0.020779614899999993 
2454 0.020779614899999993 
2455 0.028024981199999993 
2456 0.0327834891 
2457 0.04191791129999999 
2458 0.0591824475 
2459 0.0765426321 
2460 0.10241552429999998 
2461 0.1361315853 
2462 0.15506996849999996 
2463 0.19572053849999993 
2464 0.24584030010000002 
2465 0.25339652369999993 
2466 0.20588318099999992 
2467 0.22364987129999997 
2468 0.22250209049999997 
2469 0.23811669179999995 
2470 0.2538747657 
2471 0.22754754359999999 
2472 0.24485990399999996 
2473 0.20327676209999995 
2474 0.19167939359999994 
2475 0.16822162349999997 
2476 0.13333386959999996 
2477 0.10860875819999999 
2478 0.08220979979999998 
2479 0.0613345365 
2480 0.047465518499999984 
2481 0.0330465222 
2482 0.024749023499999998 
2483 0.019153592099999995 
2484 0.014036402699999999 
2485 0.010019169899999998 
2486 0.005762816099999999 
2487 0.005619343499999998 
2488 0.002989012499999999 
2489 0.0024151220999999996 
2490 0.0009803961 
2491 0.00023912099999999996 
2492 9.564839999999998e-5 
2493 0.00031085729999999993 
2494 0.0006934508999999998 
2495 0.0010999565999999998 
2496 0.0014825501999999999 
2497 0.0010521323999999998 
2498 0.0016021107 
2499 0.0012912534 
2500 0.0019368800999999996 
2501 0.0014586380999999998 
2502 0.0020564406 
2503 0.0011477807999999998 
2504 0.00021520889999999994 
2505 4.782419999999999e-5 
2506 0.0006456266999999999 
2507 0.0005021540999999999 
2508 0.0009803961 
2509 0.0016260227999999996 
2510 0.00040650569999999995 
2511 0.0005978024999999999 
2512 0.0005021540999999999 
2513 0.0003347693999999999 
2514 0.0006217145999999999 
2515 0.0008369234999999998 
2516 0.0005021540999999999 
2517 0.00047824199999999987 
2518 0.0008369234999999998 
2519 0.0007173629999999998 
2520 0.0005021540999999999 
2521 0.0005978024999999999 
2522 0.00043041779999999994 
2523 0.0005978024999999999 
2524 0.0007173629999999998 
2525 0.0007173629999999998 
2526 0.0009803961 
2527 0.0008369234999999998 
2528 0.0008369234999999998 
2529 0.0008369234999999998 
2530 0.0008369234999999998 
2531 0.0010043081999999998 
2532 0.0008369234999999998 
2533 0.0007890992999999998 
2534 0.0009086597999999999 
2535 0.0015781985999999998 
2536 0.0023912099999999995 
2537 0.0032520455999999996 
2538 0.0038498480999999986 
2539 0.004519386899999999 
2540 0.005428046699999999 
2541 0.004519386899999999 
2542 0.0049976288999999995 
2543 0.0049976288999999995 
2544 0.005021540999999999 
2545 0.004519386899999998 
2546 0.004925892599999999 
2547 0.0056910797999999985 
2548 0.005284574099999999 
2549 0.005834552399999999 
2550 0.004925892599999999 
2551 0.004088969099999999 
2552 0.0033716060999999992 
2553 0.0029890124999999994 
2554 0.0023433857999999993 
2555 0.0029890124999999994 
2556 0.0028694519999999993 
2557 0.0021760010999999995 
2558 0.0027977156999999995 
2559 0.003299869799999999 
2560 0.0027738035999999994 
2561 0.003299869799999999 
2562 0.0026303309999999996 
2563 0.0020564405999999994 
2564 0.0012195171 
2565 0.0009564839999999998 
2566 0.0009564839999999998 
2567 0.0004304177999999999 
2568 0.0004065056999999999 
2569 0.0008847476999999999 
2570 0.0010521323999999998 
2571 0.0011716928999999999 
2572 0.0021281768999999993 
2573 0.0026064188999999995 
2574 0.0025107704999999996 
2575 0.0030846608999999994 
2576 0.003491166599999999 
2577 0.0038498480999999995 
2578 0.0035868149999999993 
2579 0.0031563971999999992 
2580 0.003706375499999999 
2581 0.003299869799999999 
2582 0.003586814999999999 
2583 0.003515078699999999 
2584 0.003371606099999999 
2585 0.0029890124999999994 
2586 0.0038498480999999995 
2587 0.004088969099999999 
2588 0.005571519299999999 
2589 0.0044237385 
2590 0.003706375499999999 
2591 0.003586814999999999 
2592 0.0030846608999999994 
2593 0.002415122099999999 
2594 0.0017694953999999998 
2595 0.0016499348999999997 
2596 0.0012195171 
2597 0.001195605 
2598 0.0016260227999999996 
2599 0.0020564405999999994 
2600 0.0022477373999999994 
2601 0.0028694519999999993 
2602 0.0021520889999999994 
2603 0.0027020672999999995 
2604 0.003371606099999999 
2605 0.0036585512999999987 
2606 0.0025346825999999992 
2607 0.0023433857999999998 
2608 0.0019847042999999996 
2609 0.0025585946999999998 
2610 0.0022477374 
2611 0.0017694953999999998 
2612 0.0014825501999999999 
2613 0.0013629896999999998 
2614 0.0012912534 
2615 0.0012673412999999998 
2616 0.0012912534 
2617 0.0017694953999999998 
2618 0.0015542864999999997 
2619 0.002152089 
2620 0.0023912099999999995 
2621 0.002152089 
2622 0.0017934074999999999 
2623 0.0015542864999999997 
2624 0.0017934074999999999 
2625 0.0012673412999999998 
2626 0.0010760445 
2627 0.0006934508999999998 
2628 0.00047824199999999987 
2629 0.00047824199999999987 
2630 0.0008369234999999999 
2631 0.0006217145999999999 
2632 0.0010760444999999997 
2633 0.0008608355999999998 
2634 0.0010760444999999997 
2635 0.0006217145999999999 
2636 0.0005260661999999999 
2637 0.0005260661999999999 
2638 0.0004065056999999999 
2639 0.0005021540999999999 
2640 0.0004304177999999999 
2641 0.0004065056999999999 
2642 0.0003825935999999999 
2643 0.0004065056999999999 
2644 0.0003825935999999999 
2645 0.0005978024999999999 
2646 0.0009086597999999999 
2647 0.001195605 
2648 0.0016499348999999997 
2649 0.0016499348999999997 
2650 0.0022477373999999994 
2651 0.002415122099999999 
2652 0.0028694519999999993 
2653 0.0030846608999999994 
2654 0.003586814999999999 
2655 0.0037781117999999988 
2656 0.0043998264 
2657 0.0042563537999999995 
2658 0.0030846608999999994 
2659 0.0037781117999999988 
2660 0.004088969099999998 
2661 0.004973716799999999 
2662 0.0044476505999999985 
2663 0.0035868149999999997 
2664 0.002797715699999999 
2665 0.002152089 
2666 0.0015542864999999997 
2667 0.0015542864999999997 
2668 0.0008369234999999999 
2669 0.0009086597999999999 
2670 0.0005260661999999999 
2671 0.0005260661999999999 
2672 0.00019129679999999995 
2673 0.00014347259999999997 
2674 7.173629999999999e-5 
2675 0.00021520889999999997 
2676 0.00021520889999999997 
2677 4.782419999999999e-5 
2678 4.782419999999999e-5 
2679 0.00021520889999999997 
2680 0.00023912099999999996 
2681 0.00011956049999999997 
2682 0.00011956049999999997 
2683 4.782419999999999e-5 
2684 0.00011956049999999997 
2685 0.00021520889999999994 
2686 0.0007651871999999998 
2687 0.0009564839999999998 
2688 0.0017694953999999998 
2689 0.0020564406 
2690 0.0024151220999999996 
2691 0.003515078699999999 
2692 0.003084660899999999 
2693 0.003012924599999999 
2694 0.006982333199999999 
2695 0.009517015799999997 
2696 0.013032094499999997 
2697 0.021066560099999992 
2698 0.03240089549999999 
2699 0.0225251982 
2700 0.017264536199999996 
2701 0.0086322681 
2702 0.007149717899999998 
2703 0.0077714325 
2704 0.003204221399999999 
2705 0.0024390341999999997 
2706 0.0008608355999999998 
2707 0.0007890992999999998 
2708 0.0006456266999999999 
2709 0.0011956049999999998 
2710 0.0015542864999999997 
2711 0.0021281768999999997 
2712 0.0027977156999999995 
2713 0.003132485099999999 
2714 0.004423738499999999 
2715 0.004973716799999999 
2716 0.005404134599999998 
2717 0.0044476505999999985 
2718 0.0044476505999999985 
2719 0.0035629028999999996 
2720 0.002821627799999999 
2721 0.003132485099999999 
2722 0.0035629028999999996 
2723 0.0025346825999999992 
2724 0.0025585946999999993 
2725 0.0022477373999999994 
2726 0.0017694953999999998 
2727 0.0016499348999999997 
2728 0.0012912534 
2729 0.0012912534 
2730 0.0010521323999999998 
2731 0.0011716928999999999 
2732 0.0013390775999999997 
2733 0.0013390775999999997 
2734 0.0015542864999999997 
2735 0.0022477374 
2736 0.0026064188999999995 
2737 0.003491166599999999 
2738 0.0030846608999999994 
2739 0.0030846608999999994 
2740 0.0027738035999999994 
2741 0.003180309299999999 
2742 0.0036585512999999987 
2743 0.004638947399999999 
2744 0.005236749899999999 
2745 0.0061454097 
2746 0.006169321799999999 
2747 0.006169321799999999 
2748 0.006838860599999998 
2749 0.005978024999999998 
2750 0.005428046699999998 
2751 0.0053802224999999985 
2752 0.004471562699999999 
2753 0.004304177999999999 
2754 0.0037781117999999996 
2755 0.004280265899999998 
2756 0.0034672544999999996 
2757 0.0037781117999999996 
2758 0.0039454964999999995 
2759 0.003491166599999999 
2760 0.003491166599999999 
2761 0.003180309299999999 
2762 0.0026064188999999995 
2763 0.003012924599999999 
2764 0.0026064188999999995 
2765 0.002893364099999999 
2766 0.0029172761999999995 
2767 0.003849848099999999 
2768 0.004256353799999999 
2769 0.004519386899999998 
2770 0.004662859499999998 
2771 0.004352002199999998 
2772 0.004638947399999999 
2773 0.004088969099999999 
2774 0.0044237385 
2775 0.0038737601999999987 
2776 0.004208529599999999 
2777 0.005236749899999999 
2778 0.0038737601999999987 
2779 0.0033716060999999992 
2780 0.0036346391999999995 
2781 0.003180309299999999 
2782 0.0027498914999999993 
2783 0.0023433857999999998 
2784 0.0016499348999999997 
2785 0.0013390775999999997 
2786 0.0010760444999999997 
2787 0.0013390775999999997 
2788 0.0015542864999999997 
2789 0.0022477374 
2790 0.0026064188999999995 
2791 0.003180309299999999 
2792 0.003491166599999999 
2793 0.004160705399999999 
2794 0.004925892599999999 
2795 0.004925892599999999 
2796 0.006145409699999998 
2797 0.006241058099999999 
2798 0.005834552399999999 
2799 0.005834552399999999 
2800 0.004662859499999998 
2801 0.004160705399999999 
2802 0.003491166599999999 
2803 0.0030846608999999994 
2804 0.0025585946999999998 
2805 0.0021281768999999997 
2806 0.0024868583999999995 
2807 0.0020564406 
2808 0.0014586380999999998 
2809 0.0010043081999999998 
2810 0.0009086597999999999 
2811 0.0009086597999999999 
2812 0.0009086597999999999 
2813 0.0008369234999999998 
2814 0.0009086597999999999 
2815 0.0008369234999999998 
2816 0.0009803961 
2817 0.0009803961 
2818 0.0006456266999999999 
2819 0.0009803961 
2820 0.0009803961 
2821 0.0009803961 
2822 0.0006456266999999999 
2823 0.0009803961 
2824 0.0007890992999999998 
2825 0.0009086597999999999 
2826 0.0009086597999999999 
2827 0.0009086597999999999 
2828 0.0009086597999999999 
2829 0.0006934508999999998 
2830 0.0006217145999999999 
2831 0.0010043081999999998 
2832 0.0010043081999999998 
2833 0.0012673412999999998 
2834 0.0017694953999999998 
2835 0.0017694953999999998 
2836 0.0013390775999999997 
2837 0.0016499348999999997 
2838 0.0018651437999999997 
2839 0.0018651437999999997 
2840 0.0017934074999999999 
2841 0.0017694953999999998 
2842 0.0024151220999999996 
2843 0.002152089 
2844 0.0024868583999999995 
2845 0.0024868583999999995 
2846 0.0023433857999999998 
2847 0.0027498914999999993 
2848 0.0025107704999999996 
2849 0.0022955615999999996 
2850 0.0022955615999999996 
2851 0.0017694953999999998 
2852 0.0019368800999999996 
2853 0.0019368800999999996 
2854 0.0012912534 
2855 0.0014586380999999998 
2856 0.0014586380999999998 
2857 0.0012912534 
2858 0.0012912534 
2859 0.0009086597999999999 
2860 0.0009086597999999999 
2861 0.0009086597999999999 
2862 0.0006934508999999998 
2863 0.0006934508999999998 
2864 0.0006934508999999998 
2865 0.0009086597999999999 
2866 0.0010282203 
2867 0.0010282203 
2868 0.0011716928999999999 
2869 0.0011716928999999999 
2870 0.0011716928999999999 
2871 0.0011716928999999999 
2872 0.0011716928999999999 
2873 0.0011716928999999999 
2874 0.0014825501999999999 
2875 0.0011716928999999999 
2876 0.0010999565999999998 
2877 0.0010999565999999998 
2878 0.0007173629999999998 
2879 0.0009803961 
2880 0.0007173629999999998 
2881 0.0007890992999999998 
2882 0.0007890992999999998 
2883 0.0005738903999999999 
2884 0.0006934508999999998 
2885 0.0007890992999999998 
2886 0.0007890992999999998 
2887 0.0007890992999999998 
2888 0.0009086597999999999 
2889 0.0010999565999999998 
2890 0.0010999565999999998 
2891 0.0014108139 
2892 0.0014108139 
2893 0.0014825501999999999 
2894 0.0014108139 
2895 0.0014108139 
2896 0.0017694953999999998 
2897 0.0017455832999999997 
2898 0.0017455832999999997 
2899 0.0017455832999999997 
2900 0.0017455832999999997 
2901 0.0021520889999999994 
2902 0.0017694953999999998 
2903 0.0017694953999999998 
2904 0.0014108139 
2905 0.0014108139 
2906 0.0014108139 
2907 0.0011716928999999999 
2908 0.0011716928999999999 
2909 0.0011716928999999999 
2910 0.0011716928999999999 
2911 0.0011716928999999999 
2912 0.0011716928999999999 
2913 0.0011716928999999999 
2914 0.0010999565999999998 
2915 0.0010999565999999998 
2916 0.0010999565999999998 
2917 0.0014108139 
2918 0.0015781985999999998 
2919 0.0015542864999999997 
2920 0.0015542864999999997 
2921 0.0013869018 
2922 0.0015781985999999998 
2923 0.0010999565999999998 
2924 0.0010999565999999998 
2925 0.0010999565999999998 
2926 0.0011716928999999999 
2927 0.0011716928999999999 
2928 0.0012912534 
2929 0.0012912534 
2930 0.0014586380999999998 
2931 0.0019368800999999996 
2932 0.002152089 
2933 0.002152089 
2934 0.0019368800999999996 
2935 0.0019368800999999996 
2936 0.0016260227999999996 
2937 0.0016260227999999996 
2938 0.0014586380999999998 
2939 0.0013390775999999997 
2940 0.0009086597999999999 
2941 0.0008369234999999998 
2942 0.0008369234999999998 
2943 0.0005021540999999999 
2944 0.00047824199999999987 
2945 0.0004065056999999999 
2946 0.00023912099999999996 
2947 0.00026303309999999995 
2948 0.00026303309999999995 
2949 0.00026303309999999995 
2950 0.0003347693999999999 
2951 0.0003347693999999999 
2952 0.0003347693999999999 
2953 0.0003347693999999999 
2954 0.0003347693999999999 
2955 0.0005021540999999999 
2956 0.0006217145999999999 
2957 0.0005021540999999999 
2958 0.0005021540999999999 
2959 0.0005021540999999999 
2960 0.0006217145999999999 
2961 0.0007890992999999998 
2962 0.0008369234999999999 
2963 0.0009086597999999999 
2964 0.0010521323999999998 
2965 0.0007173629999999998 
2966 0.0005021540999999999 
2967 0.0007173629999999998 
2968 0.0006456266999999999 
2969 0.0005021540999999999 
2970 0.0004304177999999999 
2971 0.0004304177999999999 
2972 0.0003347693999999999 
2973 0.00026303309999999995 
2974 0.0003347693999999999 
2975 0.0003347693999999999 
2976 0.0003347693999999999 
2977 0.0003347693999999999 
2978 0.0003347693999999999 
2979 0.0003347693999999999 
2980 0.0003347693999999999 
2981 0.00031085729999999993 
2982 0.00031085729999999993 
2983 0.00031085729999999993 
2984 0.00031085729999999993 
2985 0.00023912099999999996 
2986 0.00023912099999999996 
2987 0.00023912099999999996 
2988 0.00023912099999999996 
2989 0.00023912099999999996 
2990 0.00023912099999999996 
2991 0.00021520889999999997 
2992 0.00021520889999999997 
2993 0.00021520889999999997 
2994 0.00026303309999999995 
2995 0.00023912099999999996 
2996 0.00031085729999999993 
2997 0.0003347693999999999 
2998 0.0005021540999999999 
2999 0.00043041779999999994 
3000 0.00043041779999999994 
3001 0.0005978024999999999 
3002 0.0006217145999999999 
3003 0.0008130113999999999 
3004 0.0010043081999999998 
3005 0.0012673412999999998 
3006 0.0013390775999999997 
3007 0.0015542864999999997 
3008 0.0018651437999999997 
3009 0.0026064188999999995 
3010 0.0026064188999999995 
3011 0.0022477374 
3012 0.0026064188999999995 
3013 0.0022477374 
3014 0.0026064188999999995 
3015 0.0027259793999999996 
3016 0.0021042647999999996 
3017 0.0021042647999999996 
3018 0.0018412316999999996 
3019 0.0018412316999999996 
3020 0.0016260227999999996 
3021 0.0011956049999999998 
3022 0.0014108138999999998 
3023 0.0011956049999999998 
3024 0.0013629896999999996 
3025 0.0015781985999999996 
3026 0.0016260227999999996 
3027 0.0011956049999999998 
3028 0.0011956049999999998 
3029 0.0010282203 
3030 0.0011956049999999998 
3031 0.0010282203 
3032 0.0011956049999999998 
3033 0.0014586380999999998 
3034 0.0011956049999999998 
3035 0.0009086597999999999 
3036 0.0010760444999999997 
3037 0.0010760444999999997 
3038 0.0008369234999999998 
3039 0.0008369234999999998 
3040 0.0010043081999999998 
3041 0.0010043081999999998 
3042 0.0008130113999999999 
3043 0.0008130113999999999 
3044 0.0005021540999999999 
3045 0.0005738903999999999 
3046 0.0003347693999999999 
3047 0.00045432989999999993 
3048 0.00031085729999999993 
3049 0.0004065056999999999 
3050 0.0004065056999999999 
3051 0.00031085729999999993 
3052 0.0006217145999999999 
3053 0.0005978024999999999 
3054 0.0005021540999999999 
3055 0.0004304177999999999 
3056 0.0005738903999999999 
3057 0.0003347693999999999 
3058 0.0004065056999999999 
3059 0.0003347693999999999 
3060 0.00045432989999999993 
3061 0.00045432989999999993 
3062 0.00045432989999999993 
3063 0.0003347693999999999 
3064 0.0003347693999999999 
3065 0.0003347693999999999 
3066 0.0003347693999999999 
3067 0.0003347693999999999 
3068 0.00045432989999999993 
3069 0.00045432989999999993 
3070 0.00045432989999999993 
3071 0.00045432989999999993 
3072 0.00045432989999999993 
3073 0.00045432989999999993 
3074 0.00045432989999999993 
3075 0.00045432989999999993 
3076 0.0003347693999999999 
3077 0.0003347693999999999 
3078 0.00026303309999999995 
3079 0.00023912099999999996 
3080 0.00023912099999999996 
3081 0.00026303309999999995 
3082 0.0004304177999999999 
3083 0.0005021540999999999 
3084 0.0005738903999999999 
3085 0.0005738903999999999 
3086 0.0005738903999999999 
3087 0.0006934508999999998 
3088 0.0006934508999999998 
3089 0.0006217145999999999 
3090 0.0006934508999999998 
3091 0.0008608355999999998 
3092 0.0007890992999999998 
3093 0.0007890992999999998 
3094 0.0012912533999999997 
3095 0.0010760444999999997 
3096 0.0010043081999999998 
3097 0.0010760444999999997 
3098 0.0015542864999999997 
3099 0.0018651437999999997 
3100 0.0015781985999999998 
3101 0.0012673412999999998 
3102 0.0010043081999999998 
3103 0.0012434291999999997 
3104 0.0010760445 
3105 0.0008130113999999999 
3106 0.0008369234999999999 
3107 0.0010999566 
3108 0.0014108139 
3109 0.0015542864999999997 
3110 0.0015542864999999997 
3111 0.0019368800999999996 
3112 0.002152089 
3113 0.0022238252999999997 
3114 0.0018651437999999997 
3115 0.0022477374 
3116 0.0018651437999999997 
3117 0.0018651437999999997 
3118 0.0015542864999999997 
3119 0.0018651437999999997 
3120 0.0014825501999999999 
3121 0.0012912533999999997 
3122 0.0015542864999999997 
3123 0.0015542864999999997 
3124 0.0010043081999999998 
3125 0.0010760444999999997 
3126 0.0012912533999999997 
3127 0.0012912533999999997 
3128 0.0015542864999999997 
3129 0.0018651437999999997 
3130 0.0022477374 
3131 0.0022477374 
3132 0.0022477374 
3133 0.0026064188999999995 
3134 0.0030846608999999994 
3135 0.0027259793999999996 
3136 0.0027259793999999996 
3137 0.0029411882999999996 
3138 0.0026303309999999996 
3139 0.0024151220999999996 
3140 0.0024151220999999996 
3141 0.0026303309999999996 
3142 0.0023672979 
3143 0.0018412316999999996 
3144 0.0023672979 
3145 0.0021520889999999994 
3146 0.0021520889999999994 
3147 0.0016260227999999996 
3148 0.0021520889999999994 
3149 0.0019847043 
3150 0.0014586380999999998 
3151 0.0016738469999999998 
3152 0.0016738469999999998 
3153 0.0015542864999999997 
3154 0.0013390775999999997 
3155 0.0015542864999999997 
3156 0.0017455832999999999 
3157 0.0014825501999999996 
3158 0.0009803960999999997 
3159 0.0009803960999999997 
3160 0.0010043081999999998 
3161 0.0008130113999999999 
3162 0.0008130113999999999 
3163 0.00047824199999999987 
3164 0.00047824199999999987 
3165 0.0008369234999999998 
3166 0.0005021540999999999 
3167 0.0005021540999999999 
3168 0.0005021540999999999 
3169 0.0005021540999999999 
3170 0.0005738903999999999 
3171 0.0005021540999999999 
3172 0.0004065056999999999 
3173 0.0005021540999999999 
3174 0.0003347693999999999 
3175 0.0003347693999999999 
3176 0.0003347693999999999 
3177 0.0003347693999999999 
3178 0.0003347693999999999 
3179 0.0003347693999999999 
3180 0.0003347693999999999 
3181 0.00047824199999999987 
3182 0.00047824199999999987 
3183 0.00047824199999999987 
3184 0.0004065056999999999 
3185 0.0006217145999999999 
3186 0.0006217145999999999 
3187 0.0006217145999999999 
3188 0.0008847476999999999 
3189 0.0009086597999999999 
3190 0.0006217145999999999 
3191 0.00047824199999999987 
3192 0.00047824199999999987 
3193 0.0007173629999999998 
3194 0.0008369234999999999 
3195 0.00047824199999999987 
3196 0.0007173629999999998 
3197 0.0009803961 
3198 0.0010999566 
3199 0.0009803961 
3200 0.0012195171 
3201 0.0015542864999999997 
3202 0.0015542864999999997 
3203 0.0015542864999999997 
3204 0.0015542864999999997 
3205 0.0012195171 
3206 0.0009086597999999999 
3207 0.0008847476999999999 
3208 0.0008847476999999999 
3209 0.0006217145999999999 
3210 0.0006217145999999999 
3211 0.0006217145999999999 
3212 0.0006934508999999998 
3213 0.0006934508999999998 
3214 0.00047824199999999987 
3215 0.00047824199999999987 
3216 0.00047824199999999987 
3217 0.00047824199999999987 
3218 0.00047824199999999987 
3219 0.00047824199999999987 
3220 0.0003347693999999999 
3221 0.00031085729999999993 
3222 0.00031085729999999993 
3223 0.0003347693999999999 
3224 0.0003347693999999999 
3225 0.00031085729999999993 
3226 0.0003347693999999999 
3227 0.0003347693999999999 
3228 0.00031085729999999993 
3229 0.0003347693999999999 
3230 0.00026303309999999995 
3231 0.00026303309999999995 
3232 0.00023912099999999996 
3233 0.00026303309999999995 
3234 0.00026303309999999995 
3235 0.00023912099999999996 
3236 0.00023912099999999996 
3237 0.00023912099999999996 
3238 0.00023912099999999996 
3239 0.00023912099999999996 
3240 0.00026303309999999995 
3241 0.0004304177999999999 
3242 0.0003347693999999999 
3243 0.00031085729999999993 
3244 0.0005021540999999999 
3245 0.0006217145999999999 
3246 0.00043041779999999994 
3247 0.0006217145999999999 
3248 0.0006217145999999999 
3249 0.0007890992999999998 
3250 0.0007890992999999998 
3251 0.0007890992999999998 
3252 0.0007890992999999998 
3253 0.0006217145999999999 
3254 0.0006217145999999999 
3255 0.0005021540999999999 
3256 0.0005021540999999999 
3257 0.0007890992999999998 
3258 0.0005738903999999999 
3259 0.0007890992999999998 
3260 0.0009086597999999999 
3261 0.0009086597999999999 
3262 0.0010282203 
3263 0.0009086597999999999 
3264 0.0010760444999999997 
3265 0.0010760444999999997 
3266 0.0010760444999999997 
3267 0.0010760444999999997 
3268 0.0010760444999999997 
3269 0.0006934508999999998 
3270 0.0010282203 
3271 0.0005738903999999999 
3272 0.0006217145999999999 
3273 0.00047824199999999987 
3274 0.00047824199999999987 
3275 0.0005021540999999999 
3276 0.0005021540999999999 
3277 0.0007890992999999998 
3278 0.0007890992999999998 
3279 0.0010282203 
3280 0.0010282203 
3281 0.0011956049999999998 
3282 0.0014586380999999998 
3283 0.0014586380999999998 
3284 0.0014586380999999998 
3285 0.0016260227999999996 
3286 0.0019368800999999996 
3287 0.0021520889999999994 
3288 0.0017694953999999998 
3289 0.0019368800999999996 
3290 0.0017694953999999998 
3291 0.0019368800999999996 
3292 0.0012912534 
3293 0.0012912534 
3294 0.0009086597999999999 
3295 0.0009086597999999999 
3296 0.0010760444999999997 
3297 0.0012912533999999997 
3298 0.0012912533999999997 
3299 0.0015542864999999997 
3300 0.0012673412999999998 
3301 0.0010043081999999998 
3302 0.0010043081999999998 
3303 0.0010043081999999998 
3304 0.0010043081999999998 
3305 0.0010043081999999998 
3306 0.0010043081999999998 
3307 0.0010043081999999998 
3308 0.0010043081999999998 
3309 0.0012912533999999997 
3310 0.0010760444999999997 
3311 0.0015542864999999997 
3312 0.0014586380999999998 
3313 0.0019368800999999996 
3314 0.002152089 
3315 0.0019368800999999996 
3316 0.002152089 
3317 0.0024151220999999996 
3318 0.0016738469999999998 
3319 0.0019368800999999998 
3320 0.0018173195999999997 
3321 0.0016738469999999998 
3322 0.0012912533999999997 
3323 0.0010760444999999997 
3324 0.0014586380999999998 
3325 0.0016738469999999998 
3326 0.0016738469999999998 
3327 0.0019368800999999998 
3328 0.0019368800999999998 
3329 0.0022477374 
3330 0.0022477374 
3331 0.0018173195999999997 
3332 0.0018651437999999997 
3333 0.0017934074999999999 
3334 0.0017934074999999999 
3335 0.0017934074999999999 
3336 0.0012673412999999998 
3337 0.0012673412999999998 
3338 0.0009803960999999997 
3339 0.0008130113999999999 
3340 0.0005978024999999999 
3341 0.0005978024999999999 
3342 0.0007890992999999998 
3343 0.0006217145999999999 
3344 0.00043041779999999994 
3345 0.0006217145999999999 
3346 0.0005021540999999999 
3347 0.0007890992999999998 
3348 0.0009086597999999999 
3349 0.0010760444999999997 
3350 0.0015542864999999997 
3351 0.0016738469999999998 
3352 0.0018173195999999997 
3353 0.0018651437999999997 
3354 0.0024868583999999995 
3355 0.002152089 
3356 0.002630330999999999 
3357 0.0030129245999999995 
3358 0.0030129245999999995 
3359 0.0033476939999999996 
3360 0.0037781117999999988 
3361 0.003515078699999999 
3362 0.0038498480999999986 
3363 0.0043998264 
