1 0.0232555475 
2 0.01975889 
3 0.017871805 
4 0.015207685 
5 0.013598112500000002 
6 0.011267007499999999 
7 0.0102679625 
8 0.01154452 
9 0.011600022500000001 
10 0.010933992500000001 
11 0.0104899725 
12 0.0102679625 
13 0.0102679625 
14 0.010878490000000001 
15 0.0122660525 
16 0.010878490000000001 
17 0.0102679625 
18 0.008491882499999999 
19 0.00732633 
20 0.006549295000000001 
21 0.0054947475 
22 0.005217235 
23 0.0054947475 
24 0.0054947475 
25 0.0058832649999999995 
26 0.0058832649999999995 
27 0.007437335000000001 
28 0.009213414999999999 
29 0.008935902499999999 
30 0.009490927500000001 
31 0.0082698725 
32 0.0091579125 
33 0.011433514999999998 
34 0.011433514999999998 
35 0.014042132500000002 
36 0.0151521825 
37 0.017816302500000002 
38 0.020979945 
39 0.025642155000000007 
40 0.0293608225 
41 0.032746475000000004 
42 0.0369091625 
43 0.041404865000000006 
44 0.03729768 
45 0.039184765 
46 0.04129386 
47 0.04562305500000001 
48 0.0411273525 
49 0.041848885 
50 0.037963710000000005 
51 0.031636425 
52 0.029416325 
53 0.0294718275 
54 0.0273627325 
55 0.0294718275 
56 0.027418235 
57 0.022756025000000003 
58 0.019203865 
59 0.016428740000000004 
60 0.015429695000000004 
61 0.012987585000000001 
62 0.010933992500000001 
63 0.012321555000000001 
64 0.014652660000000003 
65 0.015429695000000004 
66 0.018093815000000003 
67 0.0198143925 
68 0.0228115275 
69 0.02597517 
70 0.0294718275 
71 0.035355092500000004 
72 0.0377972025 
73 0.03407853500000001 
74 0.035410595 
75 0.031802932500000006 
76 0.032968485000000006 
77 0.0298048425 
78 0.025198134999999997 
79 0.024032582499999997 
80 0.021423965000000003 
81 0.019592382499999998 
82 0.019203865 
83 0.022089995 
84 0.024032582499999997 
85 0.027640245 
86 0.029138812500000003 
87 0.023866075 
88 0.021590472500000003 
89 0.020979945000000003 
90 0.023866075 
91 0.023866075 
92 0.026974215000000003 
93 0.026974215000000003 
94 0.0325799675 
95 0.0325799675 
96 0.03874074500000001 
97 0.042736925 
98 0.039351272500000006 
99 0.0387962475 
100 0.033912027500000004 
101 0.032746475000000004 
102 0.029416325000000004 
103 0.029416325000000004 
104 0.027251727500000003 
105 0.029416325000000004 
106 0.029749340000000003 
107 0.033190495 
108 0.033856525000000005 
109 0.032968485000000006 
110 0.03407853500000001 
111 0.031636425 
112 0.03307949 
113 0.03407853500000001 
114 0.037963710000000005 
115 0.040738835 
116 0.044957025000000005 
117 0.04767664750000001 
118 0.052227852500000005 
119 0.0555580025 
120 0.0543369475 
121 0.059720690000000014 
122 0.059720690000000014 
123 0.0556690075 
124 0.057944610000000014 
125 0.051395315 
126 0.05844413250000001 
127 0.05738958500000001 
128 0.054336947499999996 
129 0.054003932500000004 
130 0.058222122500000015 
131 0.054003932500000004 
132 0.046955115000000006 
133 0.0497857425 
134 0.0510623 
135 0.04306994 
136 0.0405723275 
137 0.0405723275 
138 0.034522555 
139 0.0302488625 
140 0.0302488625 
141 0.027251727500000003 
142 0.028084265 
143 0.0302488625 
144 0.0334680075 
145 0.036909162499999995 
146 0.036909162499999995 
147 0.0404613225 
148 0.0405723275 
149 0.0404613225 
150 0.0334680075 
151 0.033579012500000005 
152 0.0334680075 
153 0.0302488625 
154 0.026308185 
155 0.027584742500000002 
156 0.029138812500000003 
157 0.029416325 
158 0.031636425 
159 0.030970395000000005 
160 0.030970395000000005 
161 0.029416325 
162 0.028084265 
163 0.0228115275 
164 0.021812482500000004 
165 0.0189263525 
166 0.0174832875 
167 0.014930172500000003 
168 0.0169282625 
169 0.014486152500000004 
170 0.014264142500000004 
171 0.0121550475 
172 0.012765575 
173 0.014985675000000004 
174 0.015596202500000003 
175 0.016484242500000003 
176 0.016484242500000003 
177 0.0165952475 
178 0.0165952475 
179 0.0169282625 
180 0.019592382499999998 
181 0.022089995 
182 0.021812482500000004 
183 0.0249206225 
184 0.024032582500000003 
185 0.027418235 
186 0.025642155000000007 
187 0.0293608225 
188 0.025975170000000002 
189 0.024088085000000002 
190 0.0192593675 
191 0.017649795000000003 
192 0.0151521825 
193 0.013931127500000001 
194 0.011600022500000001 
195 0.0131540925 
196 0.012599067500000002 
197 0.014486152500000004 
198 0.014985675000000004 
199 0.014874670000000003 
200 0.0189263525 
201 0.019647885 
202 0.017205775000000003 
203 0.0189263525 
204 0.01975889 
205 0.0189263525 
206 0.017205775000000003 
207 0.0189263525 
208 0.0165952475 
209 0.0169282625 
210 0.014652660000000003 
211 0.017205775 
212 0.0199809 
213 0.024754114999999997 
214 0.026030672499999997 
215 0.030415370000000004 
216 0.033912027500000004 
217 0.037963710000000005 
218 0.0419043875 
219 0.0462335825 
220 0.04911971250000001 
221 0.05378192250000001 
222 0.055558002499999995 
223 0.058444132499999996 
224 0.055502499999999996 
225 0.055558002499999995 
226 0.0528938825 
227 0.052505365000000005 
228 0.047843155 
229 0.04562305500000001 
230 0.043402955 
231 0.046233582499999995 
232 0.041404865000000006 
233 0.0369091625 
234 0.0389072525 
235 0.03696466500000001 
236 0.03307949 
237 0.030970395000000005 
238 0.027418235 
239 0.024032582500000003 
240 0.0192593675 
241 0.016428740000000004 
242 0.013875624999999999 
243 0.01154452 
244 0.010767485000000002 
245 0.007603842500000001 
246 0.0071598225 
247 0.0059387675 
248 0.005605752499999999 
249 0.006105274999999999 
250 0.005605752499999999 
251 0.0071598225 
252 0.0071598225 
253 0.007437335000000001 
254 0.0086028875 
255 0.0086028875 
256 0.0102679625 
257 0.008991405 
258 0.010878490000000001 
259 0.009213414999999999 
260 0.008935902499999999 
261 0.007603842500000001 
262 0.007603842500000001 
263 0.0059387675 
264 0.0064937925 
265 0.0049397225 
266 0.0049397225 
267 0.0056057525 
268 0.004995225 
269 0.004162687500000001 
270 0.004162687500000001 
271 0.0049397225 
272 0.003607662500000001 
273 0.003607662500000001 
274 0.003607662500000001 
275 0.0036631650000000008 
276 0.003274647500000001 
277 0.002553115 
278 0.0034411550000000004 
279 0.0036631650000000008 
280 0.004995225 
281 0.003607662500000001 
282 0.00288613 
283 0.00288613 
284 0.0029416325 
285 0.0019425875000000001 
286 0.0019425875000000001 
287 0.0018870850000000002 
288 0.0018870850000000002 
289 0.0024976125000000004 
290 0.0024976125000000004 
291 0.0024976125000000004 
292 0.002553115 
293 0.0024976125000000004 
294 0.002553115 
295 0.0024976125000000004 
296 0.0022201 
297 0.0022201 
298 0.001443065 
299 0.0014985675 
300 0.001443065 
301 0.00111005 
302 0.0011655525 
303 0.0009435425000000001 
304 0.0009435425000000001 
305 0.0009435425000000001 
306 0.00066603 
307 0.0009435425000000001 
308 0.0009435425000000001 
309 0.001221055 
310 0.00133206 
311 0.002109095 
312 0.0027196225000000003 
313 0.0027196225000000003 
314 0.003274647500000001 
315 0.003274647500000001 
316 0.0042736925 
317 0.0042736925 
318 0.005439245 
319 0.00643829 
320 0.0081588675 
321 0.008103365 
322 0.0081588675 
323 0.009435425 
324 0.009435425 
325 0.0100459525 
326 0.008935902499999999 
327 0.006993315000000001 
328 0.0059387675 
329 0.004995225 
330 0.003607662500000001 
331 0.00288613 
332 0.0019425875000000001 
333 0.0014430649999999999 
334 0.0010545475 
335 0.001221055 
336 0.001221055 
337 0.0016095724999999998 
338 0.0018315825 
339 0.002331105 
340 0.0028306275000000002 
341 0.003441155 
342 0.0036631650000000008 
343 0.0041626875000000015 
344 0.005439245000000001 
345 0.004773215000000001 
346 0.007215325 
347 0.0059387675 
348 0.0059387675 
349 0.0081588675 
350 0.006993315000000001 
351 0.0059387675 
352 0.005439245 
353 0.00466221 
354 0.0042736925 
355 0.0027196225000000003 
356 0.0029416325 
357 0.003441155 
358 0.003441155 
359 0.0033856525 
360 0.0027751250000000002 
361 0.002331105 
362 0.0018315825 
363 0.002331105 
364 0.0018315825 
365 0.001221055 
366 0.00133206 
367 0.0014430649999999999 
368 0.0019425875000000001 
369 0.002553115 
370 0.0036631650000000008 
371 0.0036631650000000008 
372 0.0044402 
373 0.005383742499999999 
374 0.007603842499999999 
375 0.0088804 
376 0.0102679625 
377 0.011433515000000003 
378 0.011322510000000003 
379 0.011322510000000003 
380 0.009934947500000001 
381 0.00843638 
382 0.00843638 
383 0.0072708275 
384 0.0072708275 
385 0.006271782500000001 
386 0.005605752499999999 
387 0.0066603 
388 0.007659345 
389 0.008103365 
390 0.01021246 
391 0.010989495 
392 0.0093799225 
393 0.008103365 
394 0.008769395 
395 0.01021246 
396 0.009435425 
397 0.0081588675 
398 0.0069378125 
399 0.005439245 
400 0.004995225 
401 0.00466221 
402 0.0034411550000000004 
403 0.0034411550000000004 
404 0.0027196225000000003 
405 0.0031636425000000005 
406 0.0042736925 
407 0.005217235 
408 0.005217235 
409 0.006271782500000001 
410 0.007437335 
411 0.00843638 
412 0.008547385000000001 
413 0.011156002500000003 
414 0.009657435 
415 0.009934947500000001 
416 0.0102679625 
417 0.011822032500000003 
418 0.011822032500000003 
419 0.0151521825 
420 0.0151521825 
421 0.014097635 
422 0.013931127500000001 
423 0.014097635 
424 0.013098590000000004 
425 0.0108229875 
426 0.011600022500000001 
427 0.0108229875 
428 0.011600022500000001 
429 0.011877535000000002 
430 0.010933992500000001 
431 0.010767485000000002 
432 0.009490927500000001 
433 0.008769395 
434 0.008769395 
435 0.007603842500000001 
436 0.006549295 
437 0.0059387675 
438 0.0059387675 
439 0.006549295 
440 0.0077703500000000005 
441 0.008935902499999999 
442 0.010767485000000002 
443 0.012155047500000002 
444 0.012099545000000001 
445 0.012987585000000001 
446 0.0162622325 
447 0.012987585000000001 
448 0.011600022500000001 
449 0.012987585 
450 0.0161512275 
451 0.0127100725 
452 0.0133761025 
453 0.0200364025 
454 0.0211464525 
455 0.014985675000000004 
456 0.017427785 
457 0.018704342500000002 
458 0.012987585 
459 0.009879444999999999 
460 0.009435425 
461 0.011433515000000002 
462 0.008769395 
463 0.008325375000000001 
464 0.012155047500000002 
465 0.010933992500000001 
466 0.011600022500000001 
467 0.013098590000000004 
468 0.012488062500000003 
469 0.013431605000000001 
470 0.0151521825 
471 0.012987585000000001 
472 0.0147081625 
473 0.012765575000000001 
474 0.016317735000000003 
475 0.0144861525 
476 0.011156002500000003 
477 0.014763665 
478 0.0149301725 
479 0.013043087500000002 
480 0.011156002500000003 
481 0.009934947500000001 
482 0.008547385000000001 
483 0.0072708275 
484 0.006105275000000001 
485 0.0050507275 
486 0.0042736925 
487 0.0034411550000000004 
488 0.003274647500000001 
489 0.0027196225000000003 
490 0.0019425875000000001 
491 0.0016095725 
492 0.0016095725 
493 0.001221055 
494 0.0010545475 
495 0.000777035 
496 0.001221055 
497 0.001221055 
498 0.00133206 
499 0.001221055 
500 0.0018315825 
501 0.0014430649999999999 
502 0.0019425875000000001 
503 0.00111005 
504 0.000999045 
505 0.0009435425 
506 0.00088804 
507 0.00088804 
508 0.001443065 
509 0.0009435425 
510 0.0016095725 
511 0.0014985675 
512 0.001443065 
513 0.001443065 
514 0.0014985675 
515 0.001443065 
516 0.00111005 
517 0.0011655525 
518 0.0009435425000000001 
519 0.0014430649999999999 
520 0.0011655525 
521 0.0016095725 
522 0.0016095725 
523 0.0014985675 
524 0.001443065 
525 0.001443065 
526 0.0009435425 
527 0.000999045 
528 0.0009435425000000001 
529 0.000777035 
530 0.001221055 
531 0.0010545475 
532 0.0011655525 
533 0.00111005 
534 0.001443065 
535 0.001443065 
536 0.000999045 
537 0.000999045 
538 0.0009435425000000001 
539 0.0004995225 
540 0.000777035 
541 0.000777035 
542 0.0006105275 
543 0.0006105275 
544 0.0011655525 
545 0.000777035 
546 0.0011655525 
547 0.0006105275 
548 0.0006105275 
549 0.0007215325 
550 0.000777035 
551 0.0004995225 
552 0.000777035 
553 0.000777035 
554 0.000777035 
555 0.0007215325 
556 0.0007215325 
557 0.000777035 
558 0.0007215325 
559 0.0007215325 
560 0.000999045 
561 0.0009435425 
562 0.0009435425 
563 0.001443065 
564 0.001443065 
565 0.001665075 
566 0.001665075 
567 0.001665075 
568 0.0016095725 
569 0.002553115 
570 0.0019425875000000001 
571 0.0029416325 
572 0.0029416325 
573 0.0029416325 
574 0.0029416325 
575 0.0029416325 
576 0.004162687500000001 
577 0.004162687500000001 
578 0.004162687500000001 
579 0.004162687500000001 
580 0.004162687500000001 
581 0.004329195000000001 
582 0.004329195000000001 
583 0.0036076625 
584 0.00310814 
585 0.0024976125 
586 0.002109095 
587 0.0019425875000000001 
588 0.0016095725 
589 0.0016095725 
590 0.0022756025 
591 0.0027751250000000002 
592 0.0027751250000000002 
593 0.0027751250000000002 
594 0.00310814 
595 0.0038851750000000003 
596 0.00488422 
597 0.00488422 
598 0.0036631650000000003 
599 0.004773215000000001 
600 0.004773215000000001 
601 0.004773215000000001 
602 0.0036631650000000003 
603 0.00488422 
604 0.0053837425 
605 0.006105275 
606 0.006715802500000001 
607 0.007548340000000001 
608 0.0082698725 
609 0.006826807500000002 
610 0.006105275 
611 0.006826807500000002 
612 0.006826807500000002 
613 0.0053837425 
614 0.0053837425 
615 0.00488422 
616 0.0036631650000000003 
617 0.0031636425 
618 0.00266412 
619 0.0018870850000000002 
620 0.0014985675 
621 0.001221055 
622 0.0016095725 
623 0.0022756025 
624 0.0027751250000000002 
625 0.0038851750000000003 
626 0.0038851750000000003 
627 0.0032746475 
628 0.0036631650000000003 
629 0.0031636425 
630 0.0031636425 
631 0.0032746475 
632 0.0032746475 
633 0.0022756025 
634 0.0018870850000000002 
635 0.001221055 
636 0.001221055 
637 0.0014430649999999999 
638 0.0019425875000000001 
639 0.0014430649999999999 
640 0.0016095725 
641 0.001221055 
642 0.0009435425000000001 
643 0.0009435425000000001 
644 0.0018870850000000002 
645 0.00199809 
646 0.0024976125 
647 0.0024976125 
648 0.0036076625 
649 0.0038851750000000003 
650 0.0044957025000000005 
651 0.00488422 
652 0.0053837425 
653 0.00488422 
654 0.005605752500000001 
655 0.005605752500000001 
656 0.007159822500000001 
657 0.0077148475 
658 0.008769395000000001 
659 0.008103365 
660 0.0077148475 
661 0.0060497725 
662 0.0060497725 
663 0.005605752500000001 
664 0.005217235000000001 
665 0.0038851750000000003 
666 0.0038851750000000003 
667 0.0032746475 
668 0.0022756025 
669 0.0022756025 
670 0.0018870850000000002 
671 0.00133206 
672 0.00133206 
673 0.0007215325 
674 0.0007215325 
675 0.000777035 
676 0.00133206 
677 0.0016095725 
678 0.0016095725 
679 0.0016095725 
680 0.0024976125 
681 0.002109095 
682 0.0027196225000000003 
683 0.0034411550000000004 
684 0.0034411550000000004 
685 0.0034411550000000004 
686 0.0022756025 
687 0.0022756025 
688 0.002109095 
689 0.0014985675 
690 0.0014985675 
691 0.0014985675 
692 0.0009435425 
693 0.000555025 
694 0.0004995225 
695 0.00022201 
696 0.000111005 
697 0.000111005 
698 5.55025e-5 
699 0.000111005 
700 0.000333015 
701 0.000333015 
702 0.0004995225 
703 0.0009435425000000001 
704 0.0009435425000000001 
705 0.001221055 
706 0.0016095724999999998 
707 0.0022756025 
708 0.00199809 
709 0.002775125 
710 0.002775125 
711 0.0038851750000000003 
712 0.0038851750000000003 
713 0.004606707500000001 
714 0.004606707500000001 
715 0.004329195000000001 
716 0.004329195000000001 
717 0.005217235000000001 
718 0.0060497725 
719 0.0077148475 
720 0.006771305000000001 
721 0.00799236 
722 0.0076038425 
723 0.006771305000000001 
724 0.0056057525 
725 0.0056057525 
726 0.0056057525 
727 0.0044957025000000005 
728 0.0042736925 
729 0.0038851750000000003 
730 0.0032746475 
731 0.0031636425 
732 0.0036631650000000003 
733 0.0032746475 
734 0.0032746475 
735 0.0036631650000000003 
736 0.0031636425 
737 0.002775125 
738 0.0036631650000000003 
739 0.00266412 
740 0.0022756025 
741 0.0022756025 
742 0.00266412 
743 0.0022756025 
744 0.001887085 
745 0.0022756025 
746 0.0022756025 
747 0.00199809 
748 0.001221055 
749 0.00199809 
750 0.00199809 
751 0.0010545475 
752 0.0014430649999999999 
753 0.0014430649999999999 
754 0.0013875625 
755 0.000999045 
756 0.0013875625 
757 0.0018870850000000002 
758 0.0019425875000000001 
759 0.0019425875000000001 
760 0.0029416325 
761 0.0029416325 
762 0.0022756025 
763 0.0019425875000000001 
764 0.0019425875000000001 
765 0.0014430649999999999 
766 0.0016095725 
767 0.0014430649999999999 
768 0.0016095725 
769 0.0009435425000000001 
770 0.001221055 
771 0.001221055 
772 0.000777035 
773 0.000777035 
774 0.0004995225 
775 0.0004995225 
776 0.0004995225 
777 0.00044402 
778 0.00044402 
779 0.00044402 
780 0.0007215325 
781 0.0010545475 
782 0.0010545475 
783 0.0014430649999999999 
784 0.001221055 
785 0.0014985675 
786 0.0022756025 
787 0.0014985675 
788 0.0016095725 
789 0.001221055 
790 0.0004995225 
791 0.0004995225 
792 0.000333015 
793 0.00066603 
794 0.00066603 
795 0.0004995225 
796 0.0004995225 
797 0.000777035 
798 0.000777035 
799 0.0007215325 
800 0.00111005 
801 0.00111005 
802 0.0014430649999999999 
803 0.0019425875000000001 
804 0.0019425875000000001 
805 0.0024976125000000004 
806 0.0022756025 
807 0.0029971350000000006 
808 0.0031636425000000005 
809 0.003274647500000001 
810 0.00244211 
811 0.00244211 
812 0.001665075 
813 0.000999045 
814 0.0016095725 
815 0.001665075 
816 0.001665075 
817 0.0016095725 
818 0.00111005 
819 0.0019425875000000001 
820 0.0019425875000000001 
821 0.002331105 
822 0.0019425875000000001 
823 0.0029416325 
824 0.00310814 
825 0.00310814 
826 0.0036631650000000008 
827 0.0036631650000000008 
828 0.0049397225 
829 0.0041626875000000015 
830 0.004329195000000001 
831 0.0038851750000000003 
832 0.00310814 
833 0.002775125 
834 0.002775125 
835 0.00266412 
836 0.00266412 
837 0.0022756025 
838 0.002775125 
839 0.00199809 
840 0.0022756025 
841 0.0014985675 
842 0.00199809 
843 0.00199809 
844 0.0014430649999999999 
845 0.0014430649999999999 
846 0.0014430649999999999 
847 0.0013875625 
848 0.000999045 
849 0.0013875625 
850 0.0013875625 
851 0.0014430649999999999 
852 0.000777035 
853 0.0014430649999999999 
854 0.0016095725 
855 0.0009435425000000001 
856 0.0009435425000000001 
857 0.0016095725 
858 0.0016095725 
859 0.0016095725 
860 0.0016095725 
861 0.0023866075000000004 
862 0.002109095 
863 0.002109095 
864 0.0023866075000000004 
865 0.002997135 
866 0.002997135 
867 0.0023866075000000004 
868 0.002775125 
869 0.002775125 
870 0.00199809 
871 0.00199809 
872 0.001221055 
873 0.0014430649999999999 
874 0.0019425875000000001 
875 0.0016095725 
876 0.0011655525 
877 0.001665075 
878 0.0019425875000000001 
879 0.0011655525 
880 0.001665075 
881 0.001665075 
882 0.001665075 
883 0.000999045 
884 0.001443065 
885 0.001443065 
886 0.0020535925 
887 0.0022756025 
888 0.0020535925 
889 0.0020535925 
890 0.001443065 
891 0.001665075 
892 0.0020535925 
893 0.0013875625000000001 
894 0.000999045 
895 0.0009435425 
896 0.00088804 
897 0.0004995225 
898 0.0006105275 
899 0.0002775125 
900 0.00022201 
901 0.0002775125 
902 0.000111005 
903 0.000111005 
904 0.000111005 
905 0.000111005 
906 5.55025e-5 
907 0.000111005 
908 5.55025e-5 
909 0.000111005 
910 0.0001665075 
911 0.0001665075 
912 0.0002775125 
913 0.000333015 
914 0.000333015 
915 0.000333015 
916 0.0006105275 
917 0.0006105275 
918 0.000333015 
919 0.00044402 
920 0.0006105275 
921 0.00044402 
922 0.000777035 
923 0.0007215325 
924 0.0007215325 
925 0.000777035 
926 0.0011655525 
927 0.00111005 
928 0.00111005 
929 0.0014430649999999999 
930 0.0018870850000000002 
931 0.0016095725 
932 0.0019425875000000001 
933 0.0025531150000000003 
934 0.0024976125000000004 
935 0.0024976125000000004 
936 0.0029416325 
937 0.003607662500000001 
938 0.003607662500000001 
939 0.003607662500000001 
940 0.0041626875000000015 
941 0.0049397225 
942 0.003607662500000001 
943 0.0049397225 
944 0.0041626875000000015 
945 0.004107185000000001 
946 0.0056057525 
947 0.007215325 
948 0.0064937925 
949 0.0049397225 
950 0.0064937925 
951 0.0072708275 
952 0.0091579125 
953 0.00910241 
954 0.008103365 
955 0.0102679625 
956 0.0112670075 
957 0.0112670075 
958 0.011156002500000001 
959 0.011322510000000001 
960 0.010545475 
961 0.010545475 
962 0.0094909275 
963 0.008269872499999999 
964 0.006771305000000001 
965 0.005661255000000001 
966 0.006493792500000001 
967 0.0057722599999999995 
968 0.005217235000000001 
969 0.004329195000000001 
970 0.004329195000000001 
971 0.0036076625 
972 0.0036076625 
973 0.0036076625 
974 0.0036076625 
975 0.0036076625 
976 0.0024976125 
977 0.0029416325 
978 0.0024976125 
979 0.0024976125 
980 0.002109095 
981 0.002109095 
982 0.00199809 
983 0.0016095724999999998 
984 0.0014430649999999999 
985 0.0016095724999999998 
986 0.001221055 
987 0.001221055 
988 0.0010545475 
989 0.001221055 
990 0.0009435425000000001 
991 0.00066603 
992 0.00066603 
993 0.0009435425000000001 
994 0.0004995225 
995 0.0004995225 
996 0.000777035 
997 0.0007215325 
998 0.00044402 
999 0.00044402 
1000 0.000999045 
1001 0.000777035 
1002 0.0004995225 
1003 0.000777035 
1004 0.000777035 
1005 0.0009435425000000001 
1006 0.00066603 
1007 0.0009435425000000001 
1008 0.00133206 
1009 0.001221055 
1010 0.001221055 
1011 0.000777035 
1012 0.000777035 
1013 0.000777035 
1014 0.0006105275 
1015 0.000333015 
1016 0.000333015 
1017 0.000333015 
1018 0.000111005 
1019 0.00022201 
1020 0.0004995225 
1021 0.000555025 
1022 0.0006105275 
1023 0.000777035 
1024 0.0004995225 
1025 0.00066603 
1026 0.0004995225 
1027 0.00044402 
1028 0.0004995225 
1029 0.000777035 
1030 0.00066603 
1031 0.001221055 
1032 0.001221055 
1033 0.0009435425000000001 
1034 0.0004995225 
1035 0.000333015 
1036 0.0002775125 
1037 0.000333015 
1038 0.0001665075 
1039 0.000333015 
1040 0.000333015 
1041 0.0004995225 
1042 0.0004995225 
1043 0.0009435425 
1044 0.0011655525 
1045 0.0011655525 
1046 0.001665075 
1047 0.0027196225000000003 
1048 0.0027196225000000003 
1049 0.0031636425000000005 
1050 0.0034411550000000004 
1051 0.00399618 
1052 0.00399618 
1053 0.003663165 
1054 0.0046067075 
1055 0.005661255000000001 
1056 0.006993315 
1057 0.006993315 
1058 0.00821437 
1059 0.0082698725 
1060 0.006771305 
1061 0.005605752500000001 
1062 0.005605752500000001 
1063 0.004551205 
1064 0.0046067075 
1065 0.0036076625 
1066 0.0036076625 
1067 0.0027196225000000007 
1068 0.0027751250000000007 
1069 0.003663165 
1070 0.0038296725 
1071 0.00399618 
1072 0.0042736925 
1073 0.0042736925 
1074 0.005217235 
1075 0.004939722499999999 
1076 0.004939722499999999 
1077 0.0046067075 
1078 0.0036076625 
1079 0.0027751250000000007 
1080 0.0027196225000000007 
1081 0.00199809 
1082 0.0013875625000000001 
1083 0.00199809 
1084 0.002109095 
1085 0.0027751250000000007 
1086 0.003663165 
1087 0.0036076625 
1088 0.004551205 
1089 0.005605752500000001 
1090 0.005661255000000001 
1091 0.005661255000000001 
1092 0.00577226 
1093 0.004551205 
1094 0.0046067075 
1095 0.005605752500000001 
1096 0.005661255000000001 
1097 0.005661255000000001 
1098 0.006771305 
1099 0.006771305 
1100 0.006993315 
1101 0.006993315 
1102 0.005827762500000001 
1103 0.005661255000000001 
1104 0.004939722499999999 
1105 0.004939722499999999 
1106 0.00599427 
1107 0.00599427 
1108 0.0071598224999999995 
1109 0.006993315 
1110 0.006993315 
1111 0.006771305 
1112 0.006771305 
1113 0.0068268075000000004 
1114 0.0068268075000000004 
1115 0.0082698725 
1116 0.009490927500000001 
1117 0.009490927500000001 
1118 0.009657435 
1119 0.009657435 
1120 0.011156002500000003 
1121 0.011156002500000003 
1122 0.006771305 
1123 0.0062717825 
1124 0.0049397225 
1125 0.0042736925 
1126 0.0031636425000000005 
1127 0.0028306275000000007 
1128 0.0020535925 
1129 0.0022756025 
1130 0.0022756025 
1131 0.0016095725 
1132 0.0016095725 
1133 0.00111005 
1134 0.0013875625 
1135 0.0010545475 
1136 0.000777035 
1137 0.0009435425000000001 
1138 0.000777035 
1139 0.000777035 
1140 0.000999045 
1141 0.000999045 
1142 0.000777035 
1143 0.000777035 
1144 0.00066603 
1145 0.00066603 
1146 0.000777035 
1147 0.0011655525 
1148 0.0013875625 
1149 0.002331105 
1150 0.002331105 
1151 0.002331105 
1152 0.002331105 
1153 0.0019425875000000001 
1154 0.0022756025 
1155 0.0027196225000000003 
1156 0.004107185000000001 
1157 0.0049397225 
1158 0.00532824 
1159 0.0063827875 
1160 0.00843638 
1161 0.009213414999999999 
1162 0.0099349475 
1163 0.012044042500000001 
1164 0.0131540925 
1165 0.014375147500000001 
1166 0.013431605 
1167 0.014652660000000003 
1168 0.015596202500000003 
1169 0.014375147500000001 
1170 0.014763664999999999 
1171 0.013875624999999999 
1172 0.011655525 
1173 0.010323465 
1174 0.00843638 
1175 0.007881355 
1176 0.009657435000000002 
1177 0.009213414999999999 
1178 0.0082698725 
1179 0.0069378124999999995 
1180 0.006826807500000002 
1181 0.00488422 
1182 0.0046067075 
1183 0.0036076625 
1184 0.0038851750000000003 
1185 0.0038851750000000003 
1186 0.004107185000000001 
1187 0.004551205 
1188 0.0042736925 
1189 0.0056057525 
1190 0.006493792500000001 
1191 0.007659345 
1192 0.0093799225 
1193 0.0093799225 
1194 0.0081588675 
1195 0.008935902499999999 
1196 0.007437335000000001 
1197 0.007437335000000001 
1198 0.006771305 
1199 0.006327285 
1200 0.0069378124999999995 
1201 0.006105275 
1202 0.006826807500000002 
1203 0.0069378125 
1204 0.009213415 
1205 0.00910241 
1206 0.0098239425 
1207 0.010767485 
1208 0.009213415 
1209 0.007881355 
1210 0.0069378125 
1211 0.006826807500000002 
1212 0.005605752500000001 
1213 0.006327285 
1214 0.00532824 
1215 0.006771305 
1216 0.0063827875 
1217 0.0071598225 
1218 0.0081588675 
1219 0.006493792500000001 
1220 0.0056057525 
1221 0.0049397225 
1222 0.00532824 
1223 0.0044957025000000005 
1224 0.004995225000000001 
1225 0.005605752500000001 
1226 0.006826807500000002 
1227 0.0082698725 
1228 0.0082698725 
1229 0.010767485 
1230 0.009934947500000001 
1231 0.011822032500000001 
1232 0.011822032500000001 
1233 0.0111005 
1234 0.010267962500000002 
1235 0.009657435000000002 
1236 0.010323465 
1237 0.012044042500000001 
1238 0.01243256 
1239 0.01243256 
1240 0.013875624999999999 
1241 0.011655525 
1242 0.01243256 
1243 0.0133761025 
1244 0.013875624999999999 
1245 0.011655525 
1246 0.013875624999999999 
1247 0.013209595 
1248 0.0108229875 
1249 0.011655525 
1250 0.0111005 
1251 0.010767485 
1252 0.0116000225 
1253 0.011822032500000001 
1254 0.009934947500000001 
1255 0.010767485 
1256 0.010767485 
1257 0.009934947500000001 
1258 0.0082698725 
1259 0.0082698725 
1260 0.0069378125 
1261 0.006327285000000002 
1262 0.005217235000000001 
1263 0.0044957025000000005 
1264 0.004995225000000001 
1265 0.004107185000000001 
1266 0.004551205 
1267 0.0042736925 
1268 0.004107185 
1269 0.005050727499999999 
1270 0.004995225 
1271 0.00377417 
1272 0.003663165 
1273 0.00377417 
1274 0.0027751250000000007 
1275 0.0028306275000000007 
1276 0.0027751250000000007 
1277 0.0036076625 
1278 0.004773215 
1279 0.006105275 
1280 0.007659345 
1281 0.007603842499999999 
1282 0.007270827499999999 
1283 0.006049772500000001 
1284 0.004995225 
1285 0.005050727499999999 
1286 0.00399618 
1287 0.003441155000000001 
1288 0.0027196225000000003 
1289 0.0033856525 
1290 0.002997135 
1291 0.0036076625 
1292 0.00310814 
1293 0.0038296725000000007 
1294 0.004329195000000001 
1295 0.0036076625 
1296 0.002997135 
1297 0.0024976125000000004 
1298 0.00310814 
1299 0.0027196225000000003 
1300 0.0031636425000000005 
1301 0.0028306275000000007 
1302 0.00377417 
1303 0.004773215 
1304 0.005827762500000001 
1305 0.005827762500000001 
1306 0.007437335 
1307 0.007270827499999999 
1308 0.007603842499999999 
1309 0.007603842499999999 
1310 0.006493792500000001 
1311 0.005050727499999999 
1312 0.0047177124999999995 
1313 0.0036076625 
1314 0.0027196225000000007 
1315 0.0027196225000000007 
1316 0.00199809 
1317 0.0020535925 
1318 0.002109095 
1319 0.0022201 
1320 0.0016650750000000002 
1321 0.0022756025 
1322 0.0027196225000000003 
1323 0.0024976125000000004 
1324 0.002997135 
1325 0.002997135 
1326 0.0038851750000000003 
1327 0.0046067075 
1328 0.0046067075 
1329 0.0058277625 
1330 0.005605752500000001 
1331 0.00643829 
1332 0.006826807500000002 
1333 0.006105275 
1334 0.007548340000000001 
1335 0.0072708275 
1336 0.00843638 
1337 0.00843638 
1338 0.0099349475 
1339 0.011211505 
1340 0.013431605 
1341 0.0131540925 
1342 0.010933992500000001 
1343 0.012155047500000002 
1344 0.014486152500000002 
1345 0.012099545000000001 
1346 0.013653615000000004 
1347 0.011433515 
1348 0.013598112500000004 
1349 0.013653615000000004 
1350 0.012932082500000002 
1351 0.0113780125 
1352 0.0100459525 
1353 0.0100459525 
1354 0.008935902499999999 
1355 0.008325375 
1356 0.0080478625 
1357 0.01021246 
1358 0.008935902499999999 
1359 0.0071598225 
1360 0.0063827875 
1361 0.0049397225 
1362 0.00532824 
1363 0.004107185000000001 
1364 0.0038851750000000003 
1365 0.002997135 
1366 0.002331105 
1367 0.0019425875000000001 
1368 0.0013875625 
1369 0.000777035 
1370 0.0010545475 
1371 0.0009435425000000001 
1372 0.000777035 
1373 0.00111005 
1374 0.00111005 
1375 0.0011655525 
1376 0.0014430649999999999 
1377 0.0011655525 
1378 0.00111005 
1379 0.001443065 
1380 0.001443065 
1381 0.001443065 
1382 0.001443065 
1383 0.000999045 
1384 0.000777035 
1385 0.000777035 
1386 0.0009435425000000001 
1387 0.0010545475 
1388 0.0010545475 
1389 0.00066603 
1390 0.0009435425000000001 
1391 0.00066603 
1392 0.00066603 
1393 0.0009435425000000001 
1394 0.0009435425000000001 
1395 0.0009435425000000001 
1396 0.0009435425000000001 
1397 0.001221055 
1398 0.0009435425000000001 
1399 0.0009435425000000001 
1400 0.0009435425000000001 
1401 0.0004995225 
1402 0.0009435425000000001 
1403 0.0009435425000000001 
1404 0.00066603 
1405 0.00066603 
1406 0.00066603 
1407 0.0009435425000000001 
1408 0.001221055 
1409 0.001221055 
1410 0.001221055 
1411 0.001221055 
1412 0.00199809 
1413 0.00199809 
1414 0.0033856525 
1415 0.004107185000000001 
1416 0.004107185000000001 
1417 0.004107185000000001 
1418 0.00466221 
1419 0.0034411550000000004 
1420 0.0022756025 
1421 0.0020535925 
1422 0.0009435425 
1423 0.0011655525 
1424 0.001221055 
1425 0.00199809 
1426 0.0049397225 
1427 0.0071598225 
1428 0.013653615000000004 
1429 0.0171502725 
1430 0.015429695000000002 
1431 0.01820482 
1432 0.030970395000000005 
1433 0.0229225325 
1434 0.0338010225 
1435 0.046955115 
1436 0.0384632325 
1437 0.030970395000000005 
1438 0.04318094500000001 
1439 0.0582221225 
1440 0.0802011125 
1441 0.08292073500000001 
1442 0.072042245 
1443 0.08641739250000001 
1444 0.086028875 
1445 0.078036515 
1446 0.10395618250000002 
1447 0.1103944725 
1448 0.078480535 
1449 0.0768709625 
1450 0.0644384025 
1451 0.053393405000000005 
1452 0.04273692500000001 
1453 0.027418235000000003 
1454 0.024088085 
1455 0.019425875000000002 
1456 0.0122660525 
1457 0.0069378125 
1458 0.0069378125 
1459 0.0044402 
1460 0.002553115 
1461 0.0022756025 
1462 0.008103365 
1463 0.0058832649999999995 
1464 0.0014430649999999999 
1465 0.0046067075 
1466 0.00910241 
1467 0.006826807500000002 
1468 0.014375147500000001 
1469 0.008935902499999999 
1470 0.006271782499999999 
1471 0.003441155 
1472 0.00288613 
1473 0.006105275000000001 
1474 0.008103365 
1475 0.013820122500000004 
1476 0.0162622325 
1477 0.0091579125 
1478 0.006105275 
1479 0.002109095 
1480 0.001665075 
1481 0.0023866075000000004 
1482 0.0016095725 
1483 0.0002775125 
1484 0.0009435425000000001 
1485 0.003274647500000001 
1486 0.0054947475 
1487 0.013154092500000002 
1488 0.0204804225 
1489 0.02619718 
1490 0.024088085000000002 
1491 0.0342450425 
1492 0.0342450425 
1493 0.046733105000000004 
1494 0.050285265 
1495 0.05505848 
1496 0.05611302750000001 
1497 0.051839335 
1498 0.04689961250000001 
1499 0.02863929 
1500 0.0294718275 
1501 0.04046132250000001 
1502 0.028084265 
1503 0.026308185000000005 
1504 0.041182855000000004 
1505 0.0357991125 
1506 0.0334680075 
1507 0.046511095 
1508 0.049841245 
1509 0.060941745 
1510 0.07742598750000002 
1511 0.08047862500000003 
1512 0.08797146250000001 
1513 0.074262345 
1514 0.07337430500000001 
1515 0.1014030675 
1516 0.11372462250000001 
1517 0.09574181250000002 
1518 0.0722087525 
1519 0.07404033500000001 
1520 0.05905466 
1521 0.06554845249999999 
1522 0.0627733275 
1523 0.0561130275 
1524 0.04073883500000001 
1525 0.025975170000000002 
1526 0.018815347500000006 
1527 0.0112670075 
1528 0.014486152500000004 
1529 0.011322510000000001 
1530 0.015429695000000002 
1531 0.016484242500000003 
1532 0.026308185 
1533 0.0402393125 
1534 0.047510140000000006 
1535 0.05966518750000001 
1536 0.06721352750000001 
1537 0.07653794750000001 
1538 0.07653794750000001 
1539 0.10062603250000002 
1540 0.10534374499999999 
1541 0.1246031125 
1542 0.10612078000000001 
1543 0.1081743725 
1544 0.12360406750000001 
1545 0.12465861500000001 
1546 0.10156957500000002 
1547 0.11466816500000002 
1548 0.10711982500000002 
1549 0.128432785 
1550 0.12937632750000003 
1551 0.12149497250000002 
1552 0.146637605 
1553 0.17116971000000003 
1554 0.1579046125 
1555 0.16417639500000003 
1556 0.1359256225 
1557 0.11594472250000001 
1558 0.085806865 
1559 0.079812595 
1560 0.1066203025 
1561 0.11372462249999998 
1562 0.14685961500000003 
1563 0.166840515 
1564 0.1419198925 
1565 0.165064435 
1566 0.1989764625 
1567 0.23444256000000005 
1568 0.23122341500000002 
1569 0.2581421275 
1570 0.325577665 
1571 0.3075393525 
1572 0.3745863725000001 
1573 0.421485985 
1574 0.47632245500000003 
1575 0.44357598000000004 
1576 0.45956070000000004 
1577 0.36470692750000006 
1578 0.3950667950000001 
1579 0.322025505 
1580 0.287835965 
1581 0.283173755 
1582 0.226561205 
1583 0.21590472500000002 
1584 0.2300578625 
1585 0.21079849500000003 
1586 0.18565586250000002 
1587 0.15296489000000002 
1588 0.13631414 
1589 0.11933037500000002 
1590 0.092245155 
1591 0.09252266750000002 
1592 0.075816415 
1593 0.07293028500000001 
1594 0.0628843325 
1595 0.0582221225 
1596 0.04717712500000001 
1597 0.028750295000000002 
1598 0.020091905 
1599 0.025198135000000003 
1600 0.0395732825 
1601 0.038962754999999995 
1602 0.045567552500000004 
1603 0.032968485000000006 
1604 0.035854615000000006 
1605 0.030970394999999998 
1606 0.027418235000000003 
1607 0.025420145000000005 
1608 0.020535925 
1609 0.0282507725 
1610 0.0215904725 
1611 0.034078535 
1612 0.029027807500000002 
1613 0.0278067525 
1614 0.02175698 
1615 0.014985675 
1616 0.013653615000000003 
1617 0.014097635000000004 
1618 0.01354261 
1619 0.011156002500000001 
1620 0.0047177125 
1621 0.0014430649999999999 
1622 0.0019425875000000001 
1623 0.00066603 
1624 0.002109095 
1625 0.00133206 
1626 0.001665075 
1627 0.0022756025 
1628 0.0029416325000000006 
1629 0.003663165 
1630 0.0046067075 
1631 0.004551205 
1632 0.00399618 
1633 0.0042736925 
1634 0.0034411550000000004 
1635 0.0027196225000000003 
1636 0.001665075 
1637 0.0011655525 
1638 0.00088804 
1639 0.000333015 
1640 0.000333015 
1641 0.0009435425000000001 
1642 0.0016095724999999998 
1643 0.002109095 
1644 0.0027196225000000003 
1645 0.0034411550000000004 
1646 0.0038296725 
1647 0.003663165 
1648 0.004773215 
1649 0.005383742499999999 
1650 0.005383742499999999 
1651 0.007548340000000001 
1652 0.0059387675 
1653 0.006493792500000001 
1654 0.0044957025000000005 
1655 0.004995225000000001 
1656 0.0077148475 
1657 0.004051682500000001 
1658 0.0022756025 
1659 0.0014985675 
1660 0.000999045 
1661 0.001443065 
1662 0.0014985675 
1663 0.0022756025 
1664 0.0033856525 
1665 0.0031636425 
1666 0.0027751250000000002 
1667 0.0023866075000000004 
1668 0.001665075 
1669 0.0029416325000000006 
1670 0.002109095 
1671 0.0016095725 
1672 0.002109095 
1673 0.002109095 
1674 0.001887085 
1675 0.0031636425 
1676 0.0042736925000000005 
1677 0.0042736925000000005 
1678 0.0046067075 
1679 0.0038296725000000007 
1680 0.0032191450000000005 
1681 0.0038296725 
1682 0.0029416325000000006 
1683 0.0034411550000000004 
1684 0.004107185000000001 
1685 0.004107185000000001 
1686 0.0029971350000000006 
1687 0.002775125 
1688 0.0022756025 
1689 0.0016095724999999998 
1690 0.001221055 
1691 0.001221055 
1692 0.001221055 
1693 0.0009435425000000001 
1694 0.0009435425000000001 
1695 0.0009435425000000001 
1696 0.00066603 
1697 0.00066603 
1698 0.00066603 
1699 0.0006105275 
1700 0.0004995225 
1701 0.00066603 
1702 0.00066603 
1703 0.0009435425000000001 
1704 0.0009435425000000001 
1705 0.001221055 
1706 0.001221055 
1707 0.0014985675 
1708 0.0014985675 
1709 0.0014985675 
1710 0.001887085 
1711 0.001887085 
1712 0.0018870850000000002 
1713 0.001887085 
1714 0.0029971350000000006 
1715 0.001887085 
1716 0.001887085 
1717 0.0014985675 
1718 0.001887085 
1719 0.0009435425000000001 
1720 0.001221055 
1721 0.0014985675 
1722 0.001221055 
1723 0.001221055 
1724 0.0009435425000000001 
1725 0.001221055 
1726 0.0004995225 
1727 0.0004995225 
1728 0.000777035 
1729 0.000777035 
1730 0.000777035 
1731 0.0009435425000000001 
1732 0.0009435425000000001 
1733 0.000777035 
1734 0.000777035 
1735 0.0009435425000000001 
1736 0.0009435425000000001 
1737 0.001221055 
1738 0.001221055 
1739 0.0016095725 
1740 0.0016095725 
1741 0.0016095725 
1742 0.0016095725 
1743 0.0014985675 
1744 0.0014985675 
1745 0.001221055 
1746 0.001221055 
1747 0.0009435425000000001 
1748 0.0009435425000000001 
1749 0.000777035 
1750 0.0010545475 
1751 0.0010545475 
1752 0.000999045 
1753 0.000999045 
1754 0.000999045 
1755 0.000999045 
1756 0.000777035 
1757 0.0007215325 
1758 0.0007215325 
1759 0.000777035 
1760 0.000777035 
1761 0.001221055 
1762 0.0010545475 
1763 0.0014430649999999999 
1764 0.0014430649999999999 
1765 0.0010545475 
1766 0.0010545475 
1767 0.000777035 
1768 0.000777035 
1769 0.000777035 
1770 0.000777035 
1771 0.0006105275 
1772 0.0006105275 
1773 0.0007215325 
1774 0.0007215325 
1775 0.000555025 
1776 0.000555025 
1777 0.000555025 
1778 0.0004995225 
1779 0.0004995225 
1780 0.0006105275 
1781 0.000555025 
1782 0.0006105275 
1783 0.0006105275 
1784 0.0006105275 
1785 0.0006105275 
1786 0.0006105275 
1787 0.000777035 
1788 0.000777035 
1789 0.0010545475 
1790 0.0010545475 
1791 0.0013875625 
1792 0.000999045 
1793 0.0010545475 
1794 0.0016095725 
1795 0.001221055 
1796 0.0016095725 
1797 0.00199809 
1798 0.00310814 
1799 0.0036076625 
1800 0.004329195000000001 
1801 0.0051617325 
1802 0.0049397225 
1803 0.0057722599999999995 
1804 0.006493792500000001 
1805 0.0067158025 
1806 0.006105274999999999 
1807 0.004995225 
1808 0.0044957025 
1809 0.004107185 
1810 0.0038296725 
1811 0.0047177124999999995 
1812 0.0036076625 
1813 0.0027751250000000007 
1814 0.0027751250000000007 
1815 0.00199809 
1816 0.00199809 
1817 0.0013875625000000001 
1818 0.00088804 
1819 0.0004995225 
1820 0.000555025 
1821 0.00022201 
1822 0.000111005 
1823 5.55025e-5 
1824 5.55025e-5 
1825 0.000111005 
1826 0.0002775125 
1827 0.0002775125 
1828 0.000555025 
1829 0.0006105275 
1830 0.000999045 
1831 0.000999045 
1832 0.0014985675 
1833 0.001665075 
1834 0.0022756025 
1835 0.001665075 
1836 0.0016095725 
1837 0.0018870850000000002 
1838 0.0025531150000000003 
1839 0.001665075 
1840 0.0022756025 
1841 0.0022756025 
1842 0.0034411550000000004 
1843 0.0036631650000000008 
1844 0.0025531150000000003 
1845 0.0032746475000000005 
1846 0.0036631650000000008 
1847 0.0036631650000000008 
1848 0.0025531150000000003 
1849 0.0032746475000000005 
1850 0.003607662500000001 
1851 0.00288613 
1852 0.003607662500000001 
1853 0.0025531150000000003 
1854 0.0024976125000000004 
1855 0.0024976125000000004 
1856 0.0022756025 
1857 0.0016095725 
1858 0.0016095725 
1859 0.001665075 
1860 0.001665075 
1861 0.00111005 
1862 0.0009435425 
1863 0.000999045 
1864 0.000999045 
1865 0.000555025 
1866 0.0006105275 
1867 0.000555025 
1868 0.000555025 
1869 0.000333015 
1870 0.0002775125 
1871 0.0002775125 
1872 0.000111005 
1873 0.000111005 
1874 0.000111005 
1875 5.55025e-5 
1876 5.55025e-5 
1877 0.000111005 
1878 5.55025e-5 
1879 0.000111005 
1880 0.000333015 
1881 0.000333015 
1882 0.0006105275 
1883 0.0009435425000000001 
1884 0.001221055 
1885 0.0016095725 
1886 0.00199809 
1887 0.0024976125 
1888 0.0032746475 
1889 0.0033856525000000004 
1890 0.00310814 
1891 0.0034411550000000004 
1892 0.0027196225000000003 
1893 0.0031636425000000005 
1894 0.0031636425000000005 
1895 0.0022756025 
1896 0.00244211 
1897 0.0018315825 
1898 0.002109095 
1899 0.0016095725 
1900 0.0011655525 
1901 0.0016095725 
1902 0.0016095725 
1903 0.0016095725 
1904 0.0023866075000000004 
1905 0.002997135 
1906 0.002109095 
1907 0.0019425875000000001 
1908 0.0016650750000000002 
1909 0.00133206 
1910 0.00133206 
1911 0.001221055 
1912 0.001221055 
1913 0.000777035 
1914 0.0004995225 
1915 0.000777035 
1916 0.0004995225 
1917 0.0004995225 
1918 0.000333015 
1919 0.000333015 
1920 0.000111005 
1921 5.55025e-5 
1922 0.000111005 
1923 0.0002775125 
1924 0.0002775125 
1925 0.000555025 
1926 0.0002775125 
1927 0.0002775125 
1928 0.0004995225 
1929 0.00066603 
1930 0.0004995225 
1931 0.0009435425000000001 
1932 0.0009435425000000001 
1933 0.0009435425000000001 
1934 0.001221055 
1935 0.001221055 
1936 0.0016095724999999998 
1937 0.001221055 
1938 0.001221055 
1939 0.001221055 
1940 0.0011655525 
1941 0.0011655525 
1942 0.0009435425 
1943 0.00111005 
1944 0.0009435425 
1945 0.0009435425 
1946 0.0006105275 
1947 0.0009435425 
1948 0.0009435425 
1949 0.00088804 
1950 0.00088804 
1951 0.0009435425 
1952 0.0014985675 
1953 0.000999045 
1954 0.0009435425 
1955 0.000555025 
1956 0.000777035 
1957 0.0004995225 
1958 0.0004995225 
1959 0.0004995225 
1960 0.000333015 
1961 0.000777035 
1962 0.000555025 
1963 0.00111005 
1964 0.0007215325 
1965 0.000555025 
1966 0.0006105275 
1967 0.000777035 
1968 0.000333015 
1969 0.0004995225 
1970 0.000777035 
1971 0.000777035 
1972 0.000777035 
1973 0.000777035 
1974 0.0014430649999999999 
1975 0.000777035 
1976 0.000999045 
1977 0.001665075 
1978 0.001665075 
1979 0.001665075 
1980 0.0014985675 
1981 0.0009435425 
1982 0.0009435425 
1983 0.0006105275 
1984 0.000555025 
1985 0.0004995225 
1986 0.000555025 
1987 0.000777035 
1988 0.0011655525 
1989 0.001665075 
1990 0.001665075 
1991 0.0022756025 
1992 0.0022756025 
1993 0.0022756025 
1994 0.0028306275000000007 
1995 0.0028306275000000007 
1996 0.002109095 
1997 0.0020535925 
1998 0.0027751250000000007 
1999 0.00199809 
2000 0.00199809 
2001 0.0027751250000000007 
2002 0.0027751250000000007 
2003 0.0020535925 
2004 0.0022756025 
2005 0.0029971350000000006 
2006 0.0029416325000000006 
2007 0.0036076625 
2008 0.0036076625 
2009 0.0046067075 
2010 0.0036076625 
2011 0.0036076625 
2012 0.0036076625 
2013 0.004551205 
2014 0.004551205 
2015 0.003663165 
2016 0.003663165 
2017 0.003663165 
2018 0.0027751250000000007 
2019 0.0028306275000000007 
2020 0.0028306275000000007 
2021 0.0028306275000000007 
2022 0.002109095 
2023 0.002109095 
2024 0.002109095 
2025 0.002109095 
2026 0.0014985675 
2027 0.001665075 
2028 0.0014985675 
2029 0.000999045 
2030 0.000999045 
2031 0.0014985675 
2032 0.00088804 
2033 0.000555025 
2034 0.000777035 
2035 0.0006105275 
2036 0.00022201 
2037 5.55025e-5 
2038 0.0001665075 
2039 0.00022201 
2040 5.55025e-5 
2041 0.000111005 
2042 0.000111005 
2043 5.55025e-5 
2044 0.000111005 
2045 0.0001665075 
2046 0.0001665075 
2047 0.0002775125 
2048 0.000333015 
2049 0.0004995225 
2050 0.000555025 
2051 0.000555025 
2052 0.000777035 
2053 0.000777035 
2054 0.000777035 
2055 0.000777035 
2056 0.000777035 
2057 0.0011655525 
2058 0.0011655525 
2059 0.0011655525 
2060 0.0014430649999999999 
2061 0.0014430649999999999 
2062 0.0014430649999999999 
2063 0.0016095724999999998 
2064 0.00199809 
2065 0.00199809 
2066 0.0024976125 
2067 0.0024976125 
2068 0.0024976125 
2069 0.00199809 
2070 0.0014430649999999999 
2071 0.0014430649999999999 
2072 0.0018870850000000002 
2073 0.0018870850000000002 
2074 0.0014430649999999999 
2075 0.002331105 
2076 0.0022756025 
2077 0.0022756025 
2078 0.0028306275000000002 
2079 0.0027751250000000002 
2080 0.0033856525 
2081 0.0041626875000000015 
2082 0.005439245000000001 
2083 0.00399618 
2084 0.0033856525 
2085 0.0033856525 
2086 0.0033856525 
2087 0.0028306275000000002 
2088 0.00288613 
2089 0.00288613 
2090 0.002331105 
2091 0.002331105 
2092 0.0022756025 
2093 0.002331105 
2094 0.002331105 
2095 0.0019425875000000001 
2096 0.0019425875000000001 
2097 0.0019425875000000001 
2098 0.0014430649999999999 
2099 0.0014430649999999999 
2100 0.0014430649999999999 
2101 0.0014430649999999999 
2102 0.0011655525 
2103 0.0011655525 
2104 0.0014430649999999999 
2105 0.000777035 
2106 0.000777035 
2107 0.000777035 
2108 0.000777035 
2109 0.0004995225 
2110 0.0004995225 
2111 0.0004995225 
2112 0.000333015 
2113 0.0001665075 
2114 0.0001665075 
2115 0.000333015 
2116 0.000111005 
2117 5.55025e-5 
2118 0.000111005 
2119 0.0001665075 
2120 0.000111005 
2121 0.000111005 
2122 0.0001665075 
2123 0.000333015 
2124 0.00022201 
2125 0.00022201 
2126 0.0006105275 
2127 0.000555025 
2128 0.0004995225 
2129 0.0004995225 
2130 0.00088804 
2131 0.0009435425 
2132 0.000999045 
2133 0.0011655525 
2134 0.0011655525 
2135 0.0011655525 
2136 0.0011655525 
2137 0.000777035 
2138 0.0006105275 
2139 0.000999045 
2140 0.0011655525 
2141 0.001665075 
2142 0.001665075 
2143 0.0014985675 
2144 0.001443065 
2145 0.00088804 
2146 0.00088804 
2147 0.000555025 
2148 0.000555025 
2149 0.0004995225 
2150 0.000333015 
2151 0.0002775125 
2152 0.00022201 
2153 5.55025e-5 
2154 5.55025e-5 
2155 0.000111005 
2156 0.00022201 
2157 0.0004995225 
2158 0.00088804 
2159 0.00088804 
2160 0.0013875625000000001 
2161 0.001443065 
2162 0.0020535925 
2163 0.0020535925 
2164 0.0029971350000000006 
2165 0.0029416325000000006 
2166 0.00377417 
2167 0.004107185 
2168 0.0050507275 
2169 0.005439245 
2170 0.006493792500000001 
2171 0.006993315000000001 
2172 0.0071598225 
2173 0.0077703500000000005 
2174 0.0067158025 
2175 0.0077703500000000005 
2176 0.008935902499999999 
2177 0.008935902499999999 
2178 0.0100459525 
2179 0.010933992500000001 
2180 0.010933992500000001 
2181 0.009657435 
2182 0.0077703500000000005 
2183 0.0071598225 
2184 0.0059387675 
2185 0.005439245 
2186 0.005439245 
2187 0.004107185 
2188 0.004107185 
2189 0.005439245 
2190 0.006493792500000001 
2191 0.006493792500000001 
2192 0.0081588675 
2193 0.007659345 
2194 0.009435425 
2195 0.009435425 
2196 0.0089359025 
2197 0.007659345 
2198 0.007659345 
2199 0.006493792500000001 
2200 0.0050507275 
2201 0.0050507275 
2202 0.004107185 
2203 0.0029971350000000006 
2204 0.00377417 
2205 0.0047177124999999995 
2206 0.00577226 
2207 0.006049772500000001 
2208 0.007215325 
2209 0.007215325 
2210 0.007659345 
2211 0.007659345 
2212 0.007659345 
2213 0.006049772500000001 
2214 0.006105275000000001 
2215 0.006493792500000001 
2216 0.006993315000000001 
2217 0.0071598225 
2218 0.0067158025 
2219 0.007437335 
2220 0.0084918825 
2221 0.0084918825 
2222 0.0096019325 
2223 0.008547385 
2224 0.007437335 
2225 0.008547385 
2226 0.007437335 
2227 0.0084918825 
2228 0.009657435 
2229 0.01021246 
2230 0.0100459525 
2231 0.009435425 
2232 0.009435425 
2233 0.0089359025 
2234 0.0088804 
2235 0.0084918825 
2236 0.009879445 
2237 0.0102679625 
2238 0.011378012500000003 
2239 0.011378012500000003 
2240 0.011378012500000003 
2241 0.012987585000000001 
2242 0.013043087500000002 
2243 0.04806516500000001 
2244 0.03257996750000001 
2245 0.021867985000000003 
2246 0.0111560025 
2247 0.0091579125 
2248 0.00310814 
2249 0.0022756025 
2250 0.004329195000000001 
2251 0.00532824 
2252 0.002109095 
2253 0.002553115 
2254 0.0013875625 
2255 0.000777035 
2256 0.000555025 
2257 0.000777035 
2258 0.0006105275 
2259 0.001665075 
2260 0.0022201 
2261 0.0032191450000000005 
2262 0.0038296725 
2263 0.0025531150000000003 
2264 0.002109095 
2265 0.0016095725 
2266 0.002109095 
2267 0.0014985675 
2268 0.0028306275000000007 
2269 0.00421819 
2270 0.007270827499999999 
2271 0.004329195000000001 
2272 0.006327285000000001 
2273 0.0038851750000000003 
2274 0.0014430649999999999 
2275 0.0022756025 
2276 0.007437335 
2277 0.016151227499999997 
2278 0.023588562500000007 
2279 0.038518735 
2280 0.045179035 
2281 0.061385765 
2282 0.07975709250000002 
2283 0.09507578250000001 
2284 0.11600022500000003 
2285 0.14796966500000003 
2286 0.17300129250000001 
2287 0.167284535 
2288 0.16434290250000003 
2289 0.20547025500000002 
2290 0.214350655 
2291 0.1998645025 
2292 0.1767754625 
2293 0.157738105 
2294 0.1374796925 
2295 0.112892085 
2296 0.12932082500000003 
2297 0.10484422250000001 
2298 0.098017415 
2299 0.0910796025 
2300 0.07043267250000002 
2301 0.059332172499999995 
2302 0.044068985000000005 
2303 0.040072804999999996 
2304 0.027251727500000003 
2305 0.021423965 
2306 0.021867985 
2307 0.0164842425 
2308 0.026308185 
2309 0.028306275000000002 
2310 0.042514915 
2311 0.052949385 
2312 0.0704326725 
2313 0.09618583250000001 
2314 0.1116155275 
2315 0.09640784250000001 
2316 0.1022911075 
2317 0.08419729249999999 
2318 0.087582945 
2319 0.072042245 
2320 0.06527094000000001 
2321 0.07220875250000001 
2322 0.05905466 
2323 0.07043267250000002 
2324 0.088692995 
2325 0.1143906525 
2326 0.10773035250000002 
2327 0.1370356725 
2328 0.1370356725 
2329 0.135981125 
2330 0.10317914750000003 
2331 0.0819771925 
2332 0.07265277249999999 
2333 0.060109207500000005 
2334 0.07182023500000001 
2335 0.061552272500000005 
2336 0.07875804750000001 
2337 0.083808775 
2338 0.11083849250000002 
2339 0.12532464499999998 
2340 0.11683276250000002 
2341 0.0944097525 
2342 0.07126521000000001 
2343 0.07043267250000002 
2344 0.056890062500000005 
2345 0.06821257250000001 
2346 0.0633283525 
2347 0.0859733725 
2348 0.104011685 
2349 0.11566720999999999 
2350 0.14658210249999998 
2351 0.14347396250000002 
2352 0.1619007925 
2353 0.1715582275 
2354 0.15368642250000003 
2355 0.1387007475 
2356 0.13664715500000002 
2357 0.1452500425 
2358 0.17211325249999998 
2359 0.18454581250000002 
2360 0.21590472500000002 
2361 0.22978035000000002 
2362 0.18682141500000002 
2363 0.19259367500000002 
2364 0.20391618500000003 
2365 0.177274985 
2366 0.15479647250000003 
2367 0.1625668225 
2368 0.1909841025 
2369 0.176830965 
2370 0.14502803250000001 
2371 0.1665630025 
2372 0.185933375 
2373 0.15479647250000003 
2374 0.13087489500000002 
2375 0.15601752750000003 
2376 0.1550184825 
2377 0.12349306250000003 
2378 0.11017246250000001 
2379 0.09157912500000001 
2380 0.09046907500000001 
2381 0.10090354500000001 
2382 0.07714847500000001 
2383 0.05461446 
2384 0.045623055 
2385 0.056890062500000005 
2386 0.05228335500000001 
2387 0.06604797500000001 
2388 0.063383855 
2389 0.0848633225 
2390 0.09685186250000001 
2391 0.10983944749999999 
2392 0.1596806925 
2393 0.16240031500000002 
2394 0.1614567725 
2395 0.21235256500000002 
2396 0.25592202750000004 
2397 0.20857839500000003 
2398 0.12121746 
2399 0.10195809250000001 
2400 0.08708342250000001 
2401 0.0814221675 
2402 0.06804606500000002 
2403 0.072486265 
2404 0.05905466 
2405 0.040572327500000005 
2406 0.035410595 
2407 0.022478512500000002 
2408 0.018926352500000004 
2409 0.013875625 
2410 0.0192593675 
2411 0.016484242500000003 
2412 0.022089995 
2413 0.017205775000000003 
2414 0.020979945000000003 
2415 0.023866075 
2416 0.016650750000000006 
2417 0.0189263525 
2418 0.0124880625 
2419 0.015873715 
2420 0.011433515000000002 
2421 0.016983764999999998 
2422 0.018981855 
2423 0.0342450425 
2424 0.039184765 
2425 0.053171395 
2426 0.047565642500000005 
2427 0.05711207250000001 
2428 0.049286220000000006 
2429 0.055835515 
2430 0.044068985000000005 
2431 0.0309148925 
2432 0.0232555475 
2433 0.020313915000000002 
2434 0.010323465 
2435 0.0096019325 
2436 0.0063827875 
2437 0.0080478625 
2438 0.004773215000000001 
2439 0.0071598224999999995 
2440 0.006327285 
2441 0.006993315 
2442 0.01443065 
2443 0.0149301725 
2444 0.0111560025 
2445 0.01975889 
2446 0.0189263525 
2447 0.0304708725 
2448 0.0333570025 
2449 0.04706612 
2450 0.0556690075 
2451 0.05261637 
2452 0.06155227250000001 
2453 0.06937812500000001 
2454 0.06460490999999999 
2455 0.0764269425 
2456 0.07287478250000001 
2457 0.093577215 
2458 0.10290163500000002 
2459 0.1314854225 
2460 0.16195629500000003 
2461 0.19564631250000003 
2462 0.22040042750000002 
2463 0.217458795 
2464 0.22961384250000003 
2465 0.25941868500000004 
2466 0.2658014725 
2467 0.2480406725 
2468 0.20530374750000002 
2469 0.18227021 
2470 0.19681186499999997 
2471 0.1596806925 
2472 0.1512443125 
2473 0.11783180750000002 
2474 0.11933037500000002 
2475 0.11638874250000003 
2476 0.0898585475 
2477 0.085362845 
2478 0.1022911075 
2479 0.08636189 
2480 0.0642163925 
2481 0.047343632499999996 
2482 0.034467052500000005 
2483 0.0311369025 
2484 0.021923487499999998 
2485 0.0197033875 
2486 0.01243256 
2487 0.0108229875 
2488 0.0094909275 
2489 0.0056057525 
2490 0.0029971350000000006 
2491 0.00088804 
2492 0.0014430649999999999 
2493 0.0009435425 
2494 0.0020535925 
2495 0.0024976125000000004 
2496 0.0049397225 
2497 0.0058832649999999995 
2498 0.006493792500000001 
2499 0.0036076625 
2500 0.0038851750000000003 
2501 0.002997135 
2502 0.00421819 
2503 0.0019425875000000001 
2504 0.0009435425 
2505 0.0010545475 
2506 0.00088804 
2507 0.0029971350000000006 
2508 0.0027751250000000007 
2509 0.00199809 
2510 0.0049397225 
2511 0.00532824 
2512 0.0044957025000000005 
2513 0.0033856525 
2514 0.0044957025000000005 
2515 0.0044957025000000005 
2516 0.0037741700000000003 
2517 0.0037741700000000003 
2518 0.0044957025000000005 
2519 0.0042736925000000005 
2520 0.0036631650000000003 
2521 0.0036631650000000003 
2522 0.002775125 
2523 0.0036631650000000003 
2524 0.0036631650000000003 
2525 0.0038851750000000003 
2526 0.0038851750000000003 
2527 0.0038851750000000003 
2528 0.0042736925000000005 
2529 0.0042736925000000005 
2530 0.0042736925000000005 
2531 0.0044957025000000005 
2532 0.0044957025000000005 
2533 0.004773215000000001 
2534 0.0053837425 
2535 0.0069378124999999995 
2536 0.0086028875 
2537 0.0104899725 
2538 0.0117110275 
2539 0.012765575 
2540 0.0149301725 
2541 0.0149301725 
2542 0.016095724999999998 
2543 0.017594292500000004 
2544 0.017816302500000006 
2545 0.019425875000000002 
2546 0.020091905 
2547 0.023089039999999998 
2548 0.024920622500000003 
2549 0.027806752500000004 
2550 0.02974934 
2551 0.029360822499999998 
2552 0.027418235000000003 
2553 0.027806752500000004 
2554 0.0255866525 
2555 0.029027807500000002 
2556 0.0313589125 
2557 0.027418235000000003 
2558 0.026918712500000004 
2559 0.030748385 
2560 0.030970394999999998 
2561 0.0313589125 
2562 0.02974934 
2563 0.026308185000000005 
2564 0.023089039999999998 
2565 0.020091905 
2566 0.016928262500000003 
2567 0.0162622325 
2568 0.018371327500000003 
2569 0.0189263525 
2570 0.022312005000000003 
2571 0.021146452500000003 
2572 0.022312005000000003 
2573 0.022312005000000003 
2574 0.0218124825 
2575 0.022312005000000003 
2576 0.024143587500000004 
2577 0.024920622500000003 
2578 0.024088085 
2579 0.023810572500000002 
2580 0.023422055000000004 
2581 0.021812482500000004 
2582 0.023366552500000005 
2583 0.026696702500000002 
2584 0.024976125000000002 
2585 0.021923487499999998 
2586 0.025309140000000004 
2587 0.026974215000000003 
2588 0.027140722500000006 
2589 0.026974215000000003 
2590 0.0251426325 
2591 0.020702432500000003 
2592 0.0189263525 
2593 0.0189263525 
2594 0.014763665 
2595 0.0134871075 
2596 0.0122660525 
2597 0.011211505 
2598 0.0122660525 
2599 0.0134871075 
2600 0.0160402225 
2601 0.017427785 
2602 0.0160402225 
2603 0.017372282500000003 
2604 0.020258412500000003 
2605 0.017372282500000003 
2606 0.016151227499999997 
2607 0.016650750000000006 
2608 0.016928262500000003 
2609 0.0162622325 
2610 0.0189263525 
2611 0.018537835 
2612 0.0189263525 
2613 0.0197033875 
2614 0.0197033875 
2615 0.020979945 
2616 0.020979945 
2617 0.020702432500000003 
2618 0.017427785 
2619 0.017427785 
2620 0.017427785 
2621 0.0135981125 
2622 0.013431605 
2623 0.0147081625 
2624 0.0135981125 
2625 0.011100500000000001 
2626 0.012321555 
2627 0.0122660525 
2628 0.010101455 
2629 0.008103365 
2630 0.008103365 
2631 0.008103365 
2632 0.008103365 
2633 0.0091579125 
2634 0.0127100725 
2635 0.0104899725 
2636 0.009657435 
2637 0.011211505000000002 
2638 0.013431605000000001 
2639 0.0143751475 
2640 0.012044042500000001 
2641 0.01176653 
2642 0.009657435 
2643 0.008325375000000001 
2644 0.008325375000000001 
2645 0.0104899725 
2646 0.0112670075 
2647 0.0135981125 
2648 0.014763665 
2649 0.01598472 
2650 0.018759845 
2651 0.020258412500000003 
2652 0.023366552500000005 
2653 0.025087130000000003 
2654 0.026752205 
2655 0.026696702500000002 
2656 0.032191449999999996 
2657 0.032135947500000005 
2658 0.026918712500000004 
2659 0.026752205 
2660 0.030470872500000003 
2661 0.02863929 
2662 0.028750295000000006 
2663 0.025309140000000004 
2664 0.0255866525 
2665 0.022700522499999997 
2666 0.023089039999999998 
2667 0.0197033875 
2668 0.0189263525 
2669 0.015873715 
2670 0.013431605000000001 
2671 0.009657435 
2672 0.0077703500000000005 
2673 0.006105274999999999 
2674 0.0069378125 
2675 0.0069378125 
2676 0.00976844 
2677 0.0102679625 
2678 0.010878490000000001 
2679 0.011211505000000002 
2680 0.0138201225 
2681 0.013487107500000001 
2682 0.014985675000000004 
2683 0.015596202500000003 
2684 0.017205775000000003 
2685 0.017205775000000003 
2686 0.0189263525 
2687 0.0165952475 
2688 0.019592382499999998 
2689 0.022089995 
2690 0.020979945 
2691 0.015596202500000003 
2692 0.0174832875 
2693 0.018260322500000002 
2694 0.0174832875 
2695 0.017427785 
2696 0.0165952475 
2697 0.012599067500000002 
2698 0.012987585000000001 
2699 0.012765575 
2700 0.014486152500000004 
2701 0.0122660525 
2702 0.014264142500000004 
2703 0.017205775000000003 
2704 0.015818212500000005 
2705 0.012987585000000001 
2706 0.014264142500000002 
2707 0.013487107500000001 
2708 0.015318690000000003 
2709 0.0162622325 
2710 0.018093815000000003 
2711 0.017816302500000006 
2712 0.019092860000000003 
2713 0.021812482500000004 
2714 0.0250316275 
2715 0.026696702500000002 
2716 0.0251426325 
2717 0.020535925 
2718 0.018093815 
2719 0.019425875000000002 
2720 0.016484242500000003 
2721 0.017372282500000003 
2722 0.020258412500000003 
2723 0.021812482500000004 
2724 0.021812482500000004 
2725 0.023422055000000004 
2726 0.020313915000000002 
2727 0.020480422500000005 
2728 0.017816302500000006 
2729 0.017816302500000006 
2730 0.015152182500000002 
2731 0.015152182500000002 
2732 0.0143751475 
2733 0.01176653 
2734 0.013431605000000001 
2735 0.012599067500000002 
2736 0.015318690000000003 
2737 0.015318690000000003 
2738 0.0162622325 
2739 0.0189263525 
2740 0.0197033875 
2741 0.019425875000000002 
2742 0.021923487499999998 
2743 0.023422055000000004 
2744 0.021923487499999998 
2745 0.021867985 
2746 0.020535925 
2747 0.020535925 
2748 0.0189263525 
2749 0.016484242500000003 
2750 0.014985675000000002 
2751 0.012543565000000001 
2752 0.010323465 
2753 0.010323465 
2754 0.0104899725 
2755 0.0112670075 
2756 0.0124880625 
2757 0.012488062500000001 
2758 0.014930172500000002 
2759 0.014097634999999999 
2760 0.015152182500000002 
2761 0.014985675000000002 
2762 0.012543565000000001 
2763 0.011211505 
2764 0.010323465 
2765 0.0091579125 
2766 0.0091579125 
2767 0.009435425 
2768 0.011600022500000001 
2769 0.010933992500000001 
2770 0.011211505000000002 
2771 0.010878490000000001 
2772 0.0102679625 
2773 0.0102679625 
2774 0.0121550475 
2775 0.012765575 
2776 0.014264142500000002 
2777 0.017205775000000003 
2778 0.014985675000000004 
2779 0.013487107500000001 
2780 0.012987585000000001 
2781 0.011211505000000002 
2782 0.009213415 
2783 0.0071598225 
2784 0.0059387675 
2785 0.0044957025000000005 
2786 0.0049397225 
2787 0.0059387675 
2788 0.0064937925 
2789 0.008769395000000001 
2790 0.0077703500000000005 
2791 0.0089359025 
2792 0.011211505000000002 
2793 0.0138201225 
2794 0.015873715 
2795 0.0189263525 
2796 0.0189263525 
2797 0.0189263525 
2798 0.018371327500000003 
2799 0.015818212500000005 
2800 0.012987585000000001 
2801 0.011211505000000002 
2802 0.0089359025 
2803 0.009490927500000001 
2804 0.007548340000000001 
2805 0.006549295 
2806 0.0067158025 
2807 0.004606707500000001 
2808 0.004995225000000001 
2809 0.004773215 
2810 0.0036631650000000003 
2811 0.0042736925000000005 
2812 0.0044957025000000005 
2813 0.004995225000000001 
2814 0.004995225000000001 
2815 0.004995225000000001 
2816 0.004606707500000001 
2817 0.004606707500000001 
2818 0.0042736925000000005 
2819 0.0038851750000000003 
2820 0.004606707500000001 
2821 0.004606707500000001 
2822 0.004995225000000001 
2823 0.0058277625 
2824 0.004995225000000001 
2825 0.004995225000000001 
2826 0.0044957025000000005 
2827 0.0037741700000000003 
2828 0.0042736925000000005 
2829 0.0036631650000000003 
2830 0.0031636425 
2831 0.0036631650000000003 
2832 0.004162687500000001 
2833 0.004773215000000001 
2834 0.0053837425 
2835 0.005494747500000001 
2836 0.0053837425 
2837 0.005605752500000001 
2838 0.00643829 
2839 0.007381832499999999 
2840 0.008103365000000001 
2841 0.007159822500000001 
2842 0.007437335 
2843 0.0096019325 
2844 0.0099349475 
2845 0.008769395000000001 
2846 0.00843638 
2847 0.00843638 
2848 0.006771305 
2849 0.007381832499999999 
2850 0.0058277625 
2851 0.0062717825 
2852 0.0058277625 
2853 0.005494747500000001 
2854 0.004995225000000001 
2855 0.0058277625 
2856 0.006771305 
2857 0.0058277625 
2858 0.006327285 
2859 0.004995225000000001 
2860 0.0042736925000000005 
2861 0.0037741700000000003 
2862 0.0031636425 
2863 0.0031636425 
2864 0.0036631650000000003 
2865 0.0042736925000000005 
2866 0.004995225000000001 
2867 0.005494747500000001 
2868 0.0058277625 
2869 0.0058277625 
2870 0.0058277625 
2871 0.0054392450000000005 
2872 0.0054392450000000005 
2873 0.0054392450000000005 
2874 0.004329195000000001 
2875 0.004329195000000001 
2876 0.004162687500000001 
2877 0.004162687500000001 
2878 0.0036076625 
2879 0.0036076625 
2880 0.0038851750000000003 
2881 0.0038851750000000003 
2882 0.0033856525 
2883 0.002775125 
2884 0.002775125 
2885 0.002775125 
2886 0.0038851750000000003 
2887 0.0038851750000000003 
2888 0.004606707500000001 
2889 0.004606707500000001 
2890 0.0054392450000000005 
2891 0.0057722599999999995 
2892 0.0067158025 
2893 0.006993315 
2894 0.0067158025 
2895 0.0084918825 
2896 0.009657435 
2897 0.008325375000000001 
2898 0.010323465 
2899 0.011600022500000001 
2900 0.013931127500000001 
2901 0.01176653 
2902 0.009657435 
2903 0.0099349475 
2904 0.0080478625 
2905 0.006993315 
2906 0.006993315 
2907 0.0054392450000000005 
2908 0.0054392450000000005 
2909 0.0054392450000000005 
2910 0.004606707500000001 
2911 0.004606707500000001 
2912 0.0036076625 
2913 0.0036076625 
2914 0.0034411550000000004 
2915 0.0029416325 
2916 0.00288613 
2917 0.00288613 
2918 0.00288613 
2919 0.0029416325 
2920 0.002553115 
2921 0.002109095 
2922 0.002997135 
2923 0.0023866075000000004 
2924 0.002109095 
2925 0.00199809 
2926 0.0024976125 
2927 0.002997135 
2928 0.002997135 
2929 0.0038851750000000003 
2930 0.0038851750000000003 
2931 0.0038851750000000003 
2932 0.005217235000000001 
2933 0.005217235000000001 
2934 0.004606707500000001 
2935 0.004606707500000001 
2936 0.004107185000000001 
2937 0.004107185000000001 
2938 0.0037186675000000008 
2939 0.0027196225000000003 
2940 0.0027196225000000003 
2941 0.0019425875000000001 
2942 0.0018870850000000002 
2943 0.0013875625 
2944 0.0014430649999999999 
2945 0.0013875625 
2946 0.0014430649999999999 
2947 0.0016095725 
2948 0.0016095725 
2949 0.0016095725 
2950 0.0014985675 
2951 0.0014985675 
2952 0.001887085 
2953 0.0022756025 
2954 0.0022756025 
2955 0.0022756025 
2956 0.002775125 
2957 0.0022756025 
2958 0.0022756025 
2959 0.002775125 
2960 0.002775125 
2961 0.002775125 
2962 0.0031636425 
2963 0.0031636425 
2964 0.0027751250000000002 
2965 0.0031636425 
2966 0.002775125 
2967 0.0031636425 
2968 0.002775125 
2969 0.0022756025 
2970 0.0022756025 
2971 0.00199809 
2972 0.00199809 
2973 0.0016095724999999998 
2974 0.0016095724999999998 
2975 0.0016095724999999998 
2976 0.001887085 
2977 0.001221055 
2978 0.001221055 
2979 0.001221055 
2980 0.0014985675 
2981 0.001221055 
2982 0.001221055 
2983 0.0014985675 
2984 0.001221055 
2985 0.0009435425000000001 
2986 0.001221055 
2987 0.001221055 
2988 0.001221055 
2989 0.000777035 
2990 0.0010545475 
2991 0.0010545475 
2992 0.0007215325 
2993 0.000999045 
2994 0.000999045 
2995 0.0010545475 
2996 0.000777035 
2997 0.000777035 
2998 0.00133206 
2999 0.0009435425000000001 
3000 0.001221055 
3001 0.0016095725 
3002 0.0016095725 
3003 0.0016095725 
3004 0.00199809 
3005 0.002997135 
3006 0.0036076625 
3007 0.00421819 
3008 0.005217235000000001 
3009 0.0060497725 
3010 0.006771305 
3011 0.0060497725 
3012 0.006771305 
3013 0.005938767500000001 
3014 0.005938767500000001 
3015 0.006771305 
3016 0.0060497725 
3017 0.0054392450000000005 
3018 0.004606707500000001 
3019 0.0049397225 
3020 0.0049397225 
3021 0.0037186675000000008 
3022 0.004107185000000001 
3023 0.0037186675000000008 
3024 0.004551205 
3025 0.0049397225 
3026 0.0058832649999999995 
3027 0.00466221 
3028 0.00466221 
3029 0.003441155000000001 
3030 0.003441155000000001 
3031 0.003441155000000001 
3032 0.0037186675000000008 
3033 0.00466221 
3034 0.003441155000000001 
3035 0.003441155000000001 
3036 0.0044957025 
3037 0.0044957025 
3038 0.0036631650000000008 
3039 0.003607662500000001 
3040 0.0044402 
3041 0.003607662500000001 
3042 0.0029416325 
3043 0.00310814 
3044 0.0033856525 
3045 0.002775125 
3046 0.0032746475 
3047 0.0036631650000000003 
3048 0.0042736925 
3049 0.004162687500000001 
3050 0.0036631650000000003 
3051 0.0036631650000000003 
3052 0.0036631650000000003 
3053 0.0031636425 
3054 0.0031636425 
3055 0.0031636425 
3056 0.00266412 
3057 0.00266412 
3058 0.00266412 
3059 0.0022756025 
3060 0.0032746475 
3061 0.0032746475 
3062 0.0036631650000000003 
3063 0.0031636425 
3064 0.0031636425 
3065 0.002775125 
3066 0.0031636425 
3067 0.00266412 
3068 0.0022756025 
3069 0.002775125 
3070 0.0029971350000000006 
3071 0.0033856525 
3072 0.002775125 
3073 0.0022756025 
3074 0.0022756025 
3075 0.0022756025 
3076 0.0018870850000000002 
3077 0.0016095725 
3078 0.0016095725 
3079 0.0014430649999999999 
3080 0.0010545475 
3081 0.0013875625 
3082 0.0018870850000000002 
3083 0.0024976125000000004 
3084 0.002553115 
3085 0.0019425875000000001 
3086 0.0019425875000000001 
3087 0.0027196225000000003 
3088 0.0023866075000000004 
3089 0.0023866075000000004 
3090 0.0023866075000000004 
3091 0.002997135 
3092 0.0024976125000000004 
3093 0.0024976125000000004 
3094 0.0024976125000000004 
3095 0.002997135 
3096 0.002997135 
3097 0.002997135 
3098 0.0036076625 
3099 0.0036076625 
3100 0.0036076625 
3101 0.00310814 
3102 0.0024976125 
3103 0.002553115 
3104 0.002109095 
3105 0.002109095 
3106 0.001665075 
3107 0.0022756025 
3108 0.002553115 
3109 0.00310814 
3110 0.0036631650000000008 
3111 0.004329195000000001 
3112 0.004329195000000001 
3113 0.0057722599999999995 
3114 0.0049397225 
3115 0.0049397225 
3116 0.0051617325 
3117 0.004329195000000001 
3118 0.00421819 
3119 0.004329195000000001 
3120 0.0038296725000000007 
3121 0.0036076625 
3122 0.0036076625 
3123 0.00310814 
3124 0.00310814 
3125 0.0024976125 
3126 0.00310814 
3127 0.0036076625 
3128 0.004329195000000001 
3129 0.004329195000000001 
3130 0.0057722599999999995 
3131 0.0049397225 
3132 0.0049397225 
3133 0.006493792500000001 
3134 0.006771305 
3135 0.006771305 
3136 0.005938767500000001 
3137 0.006771305 
3138 0.0060497725 
3139 0.0060497725 
3140 0.0060497725 
3141 0.0060497725 
3142 0.0054392450000000005 
3143 0.0054392450000000005 
3144 0.0054392450000000005 
3145 0.0062717825 
3146 0.00532824 
3147 0.004551205 
3148 0.0058832649999999995 
3149 0.0049397225 
3150 0.00466221 
3151 0.00466221 
3152 0.0056057525 
3153 0.0044957025 
3154 0.0044957025 
3155 0.005439245 
3156 0.005383742499999999 
3157 0.0044402 
3158 0.0036631650000000008 
3159 0.0029416325 
3160 0.003607662500000001 
3161 0.00288613 
3162 0.002331105 
3163 0.002331105 
3164 0.002331105 
3165 0.0024976125000000004 
3166 0.0024976125000000004 
3167 0.00199809 
3168 0.0024976125000000004 
3169 0.002775125 
3170 0.0022756025 
3171 0.0022756025 
3172 0.0022756025 
3173 0.0031636425 
3174 0.00266412 
3175 0.00266412 
3176 0.0031636425 
3177 0.0031636425 
3178 0.00266412 
3179 0.0031636425 
3180 0.0031636425 
3181 0.0031636425 
3182 0.0031636425 
3183 0.002775125 
3184 0.002775125 
3185 0.0038851750000000003 
3186 0.0032746475 
3187 0.0038851750000000003 
3188 0.0033856525 
3189 0.0033856525 
3190 0.0023866075000000004 
3191 0.002775125 
3192 0.002775125 
3193 0.002775125 
3194 0.0023866075000000004 
3195 0.0016095724999999998 
3196 0.0023866075000000004 
3197 0.0023866075000000004 
3198 0.0027196225000000003 
3199 0.003607662500000001 
3200 0.0027196225000000003 
3201 0.0044957025 
3202 0.0038296725000000007 
3203 0.0034411550000000004 
3204 0.0027196225000000003 
3205 0.0023866075000000004 
3206 0.0023866075000000004 
3207 0.002775125 
3208 0.002775125 
3209 0.002775125 
3210 0.002775125 
3211 0.0032746475 
3212 0.002775125 
3213 0.002775125 
3214 0.0032746475 
3215 0.0032746475 
3216 0.002775125 
3217 0.0022756025 
3218 0.0022756025 
3219 0.0022756025 
3220 0.0022756025 
3221 0.0022756025 
3222 0.0022756025 
3223 0.0022756025 
3224 0.001887085 
3225 0.0014985675 
3226 0.001887085 
3227 0.0014985675 
3228 0.0014985675 
3229 0.0014985675 
3230 0.001221055 
3231 0.001221055 
3232 0.0009435425000000001 
3233 0.001221055 
3234 0.0010545475 
3235 0.0010545475 
3236 0.0010545475 
3237 0.000999045 
3238 0.000999045 
3239 0.0007215325 
3240 0.000777035 
3241 0.0014430649999999999 
3242 0.000777035 
3243 0.0009435425000000001 
3244 0.0009435425000000001 
3245 0.0016095725 
3246 0.001221055 
3247 0.001221055 
3248 0.0016095725 
3249 0.00199809 
3250 0.00199809 
3251 0.0016095725 
3252 0.00199809 
3253 0.0016095725 
3254 0.0016095725 
3255 0.001221055 
3256 0.0016095725 
3257 0.0016095725 
3258 0.00133206 
3259 0.0018870850000000002 
3260 0.002109095 
3261 0.002109095 
3262 0.0023866075000000004 
3263 0.0024976125000000004 
3264 0.0024976125000000004 
3265 0.002997135 
3266 0.0024976125000000004 
3267 0.002775125 
3268 0.0023866075000000004 
3269 0.0023866075000000004 
3270 0.0027196225000000003 
3271 0.002553115 
3272 0.0024976125000000004 
3273 0.0024976125000000004 
3274 0.0019425875000000001 
3275 0.0018870850000000002 
3276 0.0019425875000000001 
3277 0.0019425875000000001 
3278 0.002109095 
3279 0.002997135 
3280 0.002997135 
3281 0.0033856525 
3282 0.0033856525 
3283 0.0033856525 
3284 0.0033856525 
3285 0.0033856525 
3286 0.004107185000000001 
3287 0.0054392450000000005 
3288 0.004606707500000001 
3289 0.004606707500000001 
3290 0.0038851750000000003 
3291 0.0044957025000000005 
3292 0.0036076625 
3293 0.0036076625 
3294 0.00310814 
3295 0.002553115 
3296 0.003274647500000001 
3297 0.003274647500000001 
3298 0.004107185 
3299 0.0050507275 
3300 0.0047177124999999995 
3301 0.0047177124999999995 
3302 0.00377417 
3303 0.00377417 
3304 0.004107185 
3305 0.003274647500000001 
3306 0.003274647500000001 
3307 0.003274647500000001 
3308 0.003274647500000001 
3309 0.0036631650000000008 
3310 0.00310814 
3311 0.0038296725000000007 
3312 0.004329195000000001 
3313 0.0049397225 
3314 0.005938767500000001 
3315 0.005217235000000001 
3316 0.0057722599999999995 
3317 0.0057722599999999995 
3318 0.0051617325 
3319 0.0051617325 
3320 0.0051617325 
3321 0.004329195000000001 
3322 0.004329195000000001 
3323 0.0036076625 
3324 0.0036076625 
3325 0.00421819 
3326 0.0049397225 
3327 0.0049397225 
3328 0.0057722599999999995 
3329 0.0067158025 
3330 0.006105274999999999 
3331 0.0059387675 
3332 0.005439245 
3333 0.006105275000000001 
3334 0.0050507275 
3335 0.005439245 
3336 0.004107185 
3337 0.00377417 
3338 0.00377417 
3339 0.0036076625 
3340 0.0027751250000000007 
3341 0.0027751250000000007 
3342 0.0029416325000000006 
3343 0.0027751250000000007 
3344 0.0020535925 
3345 0.0022756025 
3346 0.001665075 
3347 0.002553115 
3348 0.002553115 
3349 0.0036631650000000008 
3350 0.0044957025 
3351 0.0044957025 
3352 0.005439245 
3353 0.005439245 
3354 0.006493792500000001 
3355 0.007659345 
3356 0.007659345 
3357 0.0088804 
3358 0.0088804 
3359 0.0108229875 
3360 0.0102679625 
3361 0.0102679625 
3362 0.011766530000000002 
3363 0.012321555000000003 
